0	012	0 0
1	012	0 1	2,1
1	102
3	012	1 2	2,0 2,1
1	021
5	012	0 2	1,2 2,1
6	012	1 2	1,2 2,0
7	012	1 3	1,2 2,0 2,1
1	201
6	021
10	012	1 2	1,0 2,0
11	012	1 3	1,0 2,0 2,1
3	021
7	021
11	021
15	012	1 4	1,0 1,2 2,0 2,1
1	120
6	102
5	102
7	102
10	201
21	012	1 3	0,2 1,2 2,1
21	102
23	012	1 4	0,2 1,2 2,0 2,1
6	210
25	012	1 3	0,2 1,0 2,1
21	120
27	012	1 4	0,2 1,0 2,0 2,1
11	201
27	201
30	012	1 4	0,2 1,0 1,2 2,0
31	012	1 5	0,2 1,0 1,2 2,0 2,1
1	210
10	102
6	120
11	102
6	201
21	021
25	021
27	102
5	201
21	201
21	210
30	021
7	201
23	021
27	021
31	021
3	120
11	120
7	120
15	102
11	210
30	102
27	210
31	102
7	210
27	120
23	120
31	120
15	201
31	201
31	210
63	012	1 6	0,1 0,2 1,0 1,2 2,0 2,1
