0 0
1 1
2 3
3 7
4 9
5 10
6 11
7 14
8 15
9 18
10 19
11 20
12 21
13 22
14 23
15 27
16 29
17 30
18 31
19 54
20 55
21 63
22 73
23 75
24 76
25 77
26 79
27 81
28 83
29 84
30 85
31 86
32 87
33 90
34 91
35 92
36 93
37 94
38 95
39 98
40 99
41 100
42 101
43 102
44 103
45 106
46 107
47 108
48 109
49 110
50 111
51 115
52 116
53 117
54 118
55 119
56 122
57 123
58 124
59 125
60 126
61 127
62 219
63 220
64 221
65 223
66 228
67 229
68 230
69 231
70 237
71 238
72 239
73 246
74 247
75 255
76 292
77 293
78 295
79 301
80 302
81 303
82 310
83 311
84 319
85 365
86 367
87 373
88 375
89 382
90 383
91 511
92 585
93 587
94 591
95 593
96 594
97 595
98 596
99 597
100 598
101 599
102 601
103 602
104 603
105 604
106 605
107 606
108 607
109 625
110 626
111 627
112 630
113 631
114 633
115 634
116 635
117 638
118 639
119 659
120 660
121 661
122 663
123 666
124 667
125 669
126 670
127 671
128 674
129 675
130 678
131 679
132 683
133 686
134 687
135 694
136 695
137 703
138 729
139 731
140 732
141 733
142 735
143 737
144 739
145 741
146 742
147 743
148 745
149 746
150 747
151 748
152 749
153 750
154 751
155 753
156 755
157 756
158 757
159 758
160 759
161 761
162 762
163 763
164 764
165 765
166 766
167 767
168 819
169 822
170 823
171 826
172 827
173 830
174 831
175 875
176 876
177 877
178 879
179 883
180 885
181 886
182 887
183 891
184 892
185 893
186 894
187 895
188 947
189 949
190 951
191 955
192 957
193 958
194 959
195 1019
196 1020
197 1021
198 1023
199 1755
200 1757
201 1758
202 1759
203 1782
204 1783
205 1791
206 1883
207 1887
208 1907
209 1911
210 1917
211 1918
212 1919
213 2029
214 2031
215 2039
216 2047
217 4095
