0	0123	0 0
1	0123	0 1	3,2
1	0213
3	0123	0 2	3,1 3,2
1	1203
3	1023
3	2013
7	0123	1 3	3,0 3,1 3,2
1	0132
9	0123	0 2	2,3 3,2
10	0123	0 2	2,3 3,1
11	0123	0 3	2,3 3,1 3,2
10	1023
11	1023
14	0123	1 3	2,3 3,0 3,1
15	0123	1 4	2,3 3,0 3,1 3,2
1	0312
10	0132
18	0123	0 2	2,1 3,1
19	0123	0 3	2,1 3,1 3,2
20	0123	0 2	2,1 3,0
21	0123	1 3	2,1 3,0 3,2
22	0123	1 3	2,1 3,0 3,1
23	0123	1 4	2,1 3,0 3,1 3,2
3	0132
11	0132
19	0132
27	0123	0 4	2,1 2,3 3,1 3,2
21	1032
29	0123	1 4	2,1 2,3 3,0 3,2
30	0123	1 4	2,1 2,3 3,0 3,1
31	0123	1 5	2,1 2,3 3,0 3,1 3,2
1	1302
10	1032
20	0132
21	1023
18	1023
19	1023
22	1023
23	1023
3	1032
11	1032
21	0132
29	0132
19	1032
27	1023
30	1023
31	1023
3	3012
14	0132
22	0132
30	0132
22	1032
30	1032
54	0123	1 4	2,0 2,1 3,0 3,1
55	0123	1 5	2,0 2,1 3,0 3,1 3,2
7	0132
15	0132
23	0132
31	0132
23	1032
31	1032
55	0132
63	0123	1 6	2,0 2,1 2,3 3,0 3,1 3,2
1	0231
10	0213
9	0213
11	0213
10	2013
14	0213
11	2013
15	0213
18	0312
73	0123	0 3	1,3 2,3 3,2
73	0213
75	0123	0 4	1,3 2,3 3,1 3,2
76	0123	1 3	1,3 2,3 3,0
77	0123	1 4	1,3 2,3 3,0 3,2
77	0213
79	0123	1 5	1,3 2,3 3,0 3,1 3,2
10	0321
81	0123	0 3	1,3 2,1 3,2
73	0231
83	0123	0 4	1,3 2,1 3,1 3,2
84	0123	1 3	1,3 2,1 3,0
85	0123	1 4	1,3 2,1 3,0 3,2
86	0123	1 4	1,3 2,1 3,0 3,1
87	0123	1 5	1,3 2,1 3,0 3,1 3,2
19	0312
83	0312
90	0123	0 4	1,3 2,1 2,3 3,1
91	0123	0 5	1,3 2,1 2,3 3,1 3,2
92	0123	1 4	1,3 2,1 2,3 3,0
93	0123	1 5	1,3 2,1 2,3 3,0 3,2
94	0123	1 5	1,3 2,1 2,3 3,0 3,1
95	0123	1 6	1,3 2,1 2,3 3,0 3,1 3,2
20	0312
84	0312
98	0123	0 3	1,3 2,0 3,1
99	0123	1 4	1,3 2,0 3,1 3,2
100	0123	1 3	1,3 2,0 3,0
101	0123	1 4	1,3 2,0 3,0 3,2
102	0123	1 4	1,3 2,0 3,0 3,1
103	0123	1 5	1,3 2,0 3,0 3,1 3,2
22	0312
86	0312
106	0123	1 4	1,3 2,0 2,3 3,1
107	0123	1 5	1,3 2,0 2,3 3,1 3,2
108	0123	1 4	1,3 2,0 2,3 3,0
109	0123	1 5	1,3 2,0 2,3 3,0 3,2
110	0123	1 5	1,3 2,0 2,3 3,0 3,1
111	0123	1 6	1,3 2,0 2,3 3,0 3,1 3,2
21	0312
85	0312
106	0321
115	0123	1 5	1,3 2,0 2,1 3,1 3,2
116	0123	1 4	1,3 2,0 2,1 3,0
117	0123	1 5	1,3 2,0 2,1 3,0 3,2
118	0123	1 5	1,3 2,0 2,1 3,0 3,1
119	0123	1 6	1,3 2,0 2,1 3,0 3,1 3,2
23	0312
87	0312
122	0123	1 5	1,3 2,0 2,1 2,3 3,1
123	0123	1 6	1,3 2,0 2,1 2,3 3,1 3,2
124	0123	1 5	1,3 2,0 2,1 2,3 3,0
125	0123	1 6	1,3 2,0 2,1 2,3 3,0 3,2
126	0123	1 6	1,3 2,0 2,1 2,3 3,0 3,1
127	0123	1 7	1,3 2,0 2,1 2,3 3,0 3,1 3,2
1	0321
18	0213
10	0231
19	0213
20	0213
22	0213
21	0213
23	0213
10	0312
73	0132
81	0132
83	0213
84	0213
86	0213
85	0213
87	0213
9	0312
73	0312
73	0321
90	0132
98	0132
106	0132
106	0231
122	0132
11	0312
75	0132
83	0132
91	0132
99	0132
107	0132
115	0132
123	0132
10	3012
76	0132
84	0132
92	0132
100	0132
108	0132
116	0132
124	0132
14	0312
77	0132
85	0132
93	0132
101	0132
109	0132
117	0132
125	0132
11	3012
77	0312
86	0132
94	0132
102	0132
110	0132
118	0132
126	0132
15	0312
79	0132
87	0132
95	0132
103	0132
111	0132
119	0132
127	0132
3	0231
19	0231
11	0231
27	0213
21	2031
30	0213
29	0213
31	0213
19	0321
90	0213
83	0321
91	0213
92	0213
94	0213
93	0213
95	0213
11	0321
83	0231
75	0231
91	0231
99	0231
115	0231
107	0231
123	0231
27	0312
91	0312
91	0321
219	0123	0 6	1,2 1,3 2,1 2,3 3,1 3,2
220	0123	1 5	1,2 1,3 2,1 2,3 3,0
221	0123	1 6	1,2 1,3 2,1 2,3 3,0 3,2
221	0213
223	0123	1 7	1,2 1,3 2,1 2,3 3,0 3,1 3,2
21	3021
92	0312
99	0321
220	0132
228	0123	1 4	1,2 1,3 2,0 3,0
229	0123	1 5	1,2 1,3 2,0 3,0 3,2
230	0123	1 5	1,2 1,3 2,0 3,0 3,1
231	0123	1 6	1,2 1,3 2,0 3,0 3,1 3,2
30	0312
94	0312
115	0321
221	0132
229	0132
237	0123	1 6	1,2 1,3 2,0 2,3 3,0 3,2
238	0123	1 6	1,2 1,3 2,0 2,3 3,0 3,1
239	0123	1 7	1,2 1,3 2,0 2,3 3,0 3,1 3,2
29	0312
93	0312
107	0321
221	0312
230	0132
238	0132
246	0123	1 6	1,2 1,3 2,0 2,1 3,0 3,1
247	0123	1 7	1,2 1,3 2,0 2,1 3,0 3,1 3,2
31	0312
95	0312
123	0321
223	0132
231	0132
239	0132
247	0132
255	0123	1 8	1,2 1,3 2,0 2,1 2,3 3,0 3,1 3,2
1	2301
20	0231
10	2031
21	2013
18	2013
22	2013
19	2013
23	2013
20	0321
98	0213
84	0321
99	0213
100	0213
102	0213
101	0213
103	0213
10	3021
84	0231
76	0231
92	0231
100	0231
116	0231
108	0231
124	0231
21	3012
99	0312
92	0321
220	0231
228	0213
230	0213
229	0213
231	0213
18	3012
100	0312
100	0321
228	0312
292	0123	1 3	1,0 2,0 3,0
293	0123	1 4	1,0 2,0 3,0 3,2
293	0213
295	0123	1 5	1,0 2,0 3,0 3,1 3,2
22	3012
102	0312
116	0321
230	0312
293	0132
301	0123	1 5	1,0 2,0 2,3 3,0 3,2
302	0123	1 5	1,0 2,0 2,3 3,0 3,1
303	0123	1 6	1,0 2,0 2,3 3,0 3,1 3,2
19	3012
101	0312
108	0321
229	0312
293	0312
302	0132
310	0123	1 5	1,0 2,0 2,1 3,0 3,1
311	0123	1 6	1,0 2,0 2,1 3,0 3,1 3,2
23	3012
103	0312
124	0321
231	0312
295	0132
303	0132
311	0132
319	0123	1 7	1,0 2,0 2,1 2,3 3,0 3,1 3,2
3	2031
21	0231
11	2031
29	0231
19	2031
30	2013
27	2013
31	2013
22	0321
106	0213
86	0321
107	0213
108	0213
110	0213
109	0213
111	0213
14	0321
85	0231
77	0231
93	0231
101	0231
117	0231
109	0231
125	0231
30	0321
115	0312
94	0321
221	0231
229	0231
238	0213
237	0213
239	0213
22	3021
116	0312
102	0321
230	0321
293	0231
302	0213
301	0213
303	0213
54	0312
118	0312
118	0321
246	0312
310	0312
365	0123	1 6	1,0 1,3 2,0 2,3 3,0 3,2
365	0213
367	0123	1 7	1,0 1,3 2,0 2,3 3,0 3,1 3,2
30	3021
117	0312
110	0321
238	0321
302	0321
373	0123	1 6	1,0 1,3 2,0 2,1 3,0 3,2
365	0231
375	0123	1 7	1,0 1,3 2,0 2,1 3,0 3,1 3,2
55	0312
119	0312
126	0321
247	0312
311	0312
375	0312
382	0123	1 7	1,0 1,3 2,0 2,1 2,3 3,0 3,1
383	0123	1 8	1,0 1,3 2,0 2,1 2,3 3,0 3,1 3,2
3	3021
22	0231
14	0231
30	0231
22	2031
54	0213
30	2031
55	0213
21	0321
106	0312
85	0321
115	0213
116	0213
118	0213
117	0213
119	0213
11	3021
86	0231
77	0321
94	0231
102	0231
118	0231
110	0231
126	0231
29	0321
107	0312
93	0321
221	0321
230	0231
246	0213
238	0231
247	0213
19	3021
108	0312
101	0321
229	0321
293	0321
310	0213
302	0231
311	0213
30	3012
110	0312
117	0321
238	0312
302	0312
365	0132
373	0132
375	0213
27	3012
109	0312
109	0321
237	0312
301	0312
365	0312
365	0321
382	0132
31	3012
111	0312
125	0321
239	0312
303	0312
367	0132
375	0132
383	0132
7	0231
23	0231
15	0231
31	0231
23	2031
55	0231
31	2031
63	0213
23	0321
122	0213
87	0321
123	0213
124	0213
126	0213
125	0213
127	0213
15	0321
87	0231
79	0231
95	0231
103	0231
119	0231
111	0231
127	0231
31	0321
123	0312
95	0321
223	0231
231	0231
247	0231
239	0231
255	0213
23	3021
124	0312
103	0321
231	0321
295	0231
311	0231
303	0231
319	0213
55	0321
126	0312
119	0321
247	0321
311	0321
382	0213
375	0321
383	0213
31	3021
125	0312
111	0321
239	0321
303	0321
375	0231
367	0231
383	0231
63	0312
127	0312
127	0321
255	0312
319	0312
383	0312
383	0321
511	0123	1 9	1,0 1,2 1,3 2,0 2,1 2,3 3,0 3,1 3,2
1	1230
10	1203
10	2103
14	1203
9	1203
11	1203
11	2103
15	1203
18	1302
73	1023
76	1023
77	1023
73	1203
75	1023
77	1203
79	1023
20	1302
84	1302
100	1023
101	1023
98	1023
99	1023
102	1023
103	1023
22	1302
86	1302
108	1023
109	1023
106	1023
107	1023
110	1023
111	1023
10	1320
81	1023
84	1023
85	1023
73	1230
83	1023
86	1023
87	1023
19	1302
83	1302
92	1023
93	1023
90	1023
91	1023
94	1023
95	1023
21	1302
85	1302
116	1023
117	1023
106	1320
115	1023
118	1023
119	1023
23	1302
87	1302
124	1023
125	1023
122	1023
123	1023
126	1023
127	1023
18	2301
76	2013
73	2013
77	2013
73	2103
77	2103
75	2013
79	2013
292	3012
585	0123	1 4	0,3 1,3 2,3 3,2
585	0213
587	0123	1 5	0,3 1,3 2,3 3,1 3,2
585	1203
587	1023
587	2013
591	0123	1 6	0,3 1,3 2,3 3,0 3,1 3,2
100	3201
593	0123	1 4	0,3 1,3 2,1 3,2
594	0123	1 4	0,3 1,3 2,1 3,1
595	0123	1 5	0,3 1,3 2,1 3,1 3,2
596	0123	1 4	0,3 1,3 2,1 3,0
597	0123	1 5	0,3 1,3 2,1 3,0 3,2
598	0123	1 5	0,3 1,3 2,1 3,0 3,1
599	0123	1 6	0,3 1,3 2,1 3,0 3,1 3,2
293	3012
601	0123	1 5	0,3 1,3 2,1 2,3 3,2
602	0123	1 5	0,3 1,3 2,1 2,3 3,1
603	0123	1 6	0,3 1,3 2,1 2,3 3,1 3,2
604	0123	1 5	0,3 1,3 2,1 2,3 3,0
605	0123	1 6	0,3 1,3 2,1 2,3 3,0 3,2
606	0123	1 6	0,3 1,3 2,1 2,3 3,0 3,1
607	0123	1 7	0,3 1,3 2,1 2,3 3,0 3,1 3,2
100	3210
593	1023
596	1023
597	1023
594	1023
595	1023
598	1023
599	1023
293	3102
601	1023
604	1023
605	1023
602	1023
603	1023
606	1023
607	1023
228	3201
625	0123	1 5	0,3 1,3 2,0 2,1 3,2
626	0123	1 5	0,3 1,3 2,0 2,1 3,1
627	0123	1 6	0,3 1,3 2,0 2,1 3,1 3,2
626	1023
627	1023
630	0123	1 6	0,3 1,3 2,0 2,1 3,0 3,1
631	0123	1 7	0,3 1,3 2,0 2,1 3,0 3,1 3,2
295	3012
633	0123	1 6	0,3 1,3 2,0 2,1 2,3 3,2
634	0123	1 6	0,3 1,3 2,0 2,1 2,3 3,1
635	0123	1 7	0,3 1,3 2,0 2,1 2,3 3,1 3,2
634	1023
635	1023
638	0123	1 7	0,3 1,3 2,0 2,1 2,3 3,0 3,1
639	0123	1 8	0,3 1,3 2,0 2,1 2,3 3,0 3,1 3,2
20	2301
100	2013
84	2301
101	2013
98	2013
102	2013
99	2013
103	2013
100	3102
594	0213
593	0213
595	0213
596	0213
598	0213
597	0213
599	0213
98	3102
596	1302
596	2301
659	0123	1 5	0,3 1,2 2,1 3,1 3,2
660	0123	0 4	0,3 1,2 2,1 3,0
661	0123	1 5	0,3 1,2 2,1 3,0 3,2
661	0213
663	0123	1 6	0,3 1,2 2,1 3,0 3,1 3,2
102	3102
598	1302
666	0123	1 5	0,3 1,2 2,1 2,3 3,1
667	0123	1 6	0,3 1,2 2,1 2,3 3,1 3,2
661	1032
669	0123	1 6	0,3 1,2 2,1 2,3 3,0 3,2
670	0123	1 6	0,3 1,2 2,1 2,3 3,0 3,1
671	0123	1 7	0,3 1,2 2,1 2,3 3,0 3,1 3,2
84	3210
593	1302
674	0123	1 4	0,3 1,2 2,0 3,1
675	0123	1 5	0,3 1,2 2,0 3,1 3,2
596	3210
666	1032
678	0123	1 5	0,3 1,2 2,0 3,0 3,1
679	0123	1 6	0,3 1,2 2,0 3,0 3,1 3,2
101	3102
595	1302
675	1032
683	0123	1 6	0,3 1,2 2,0 2,3 3,1 3,2
659	1032
667	1032
686	0123	1 6	0,3 1,2 2,0 2,3 3,0 3,1
687	0123	1 7	0,3 1,2 2,0 2,3 3,0 3,1 3,2
99	3102
597	1302
678	1032
686	1032
661	1302
670	1032
694	0123	1 6	0,3 1,2 2,0 2,1 3,0 3,1
695	0123	1 7	0,3 1,2 2,0 2,1 3,0 3,1 3,2
103	3102
599	1302
679	1032
687	1032
663	1032
671	1032
695	1032
703	0123	1 8	0,3 1,2 2,0 2,1 2,3 3,0 3,1 3,2
22	2301
108	2013
86	2301
109	2013
106	2013
110	2013
107	2013
111	2013
293	3021
602	0213
601	0213
603	0213
604	0213
606	0213
605	0213
607	0213
102	3201
666	0213
598	2301
667	0213
661	2031
670	0213
669	0213
671	0213
301	3012
729	0123	1 6	0,3 1,2 1,3 2,1 2,3 3,2
729	0213
731	0123	1 7	0,3 1,2 1,3 2,1 2,3 3,1 3,2
732	0123	1 6	0,3 1,2 1,3 2,1 2,3 3,0
733	0123	1 7	0,3 1,2 1,3 2,1 2,3 3,0 3,2
733	0213
735	0123	1 8	0,3 1,2 1,3 2,1 2,3 3,0 3,1 3,2
116	3210
737	0123	1 5	0,3 1,2 1,3 2,0 3,2
678	3201
739	0123	1 6	0,3 1,2 1,3 2,0 3,1 3,2
626	2310
741	0123	1 6	0,3 1,2 1,3 2,0 3,0 3,2
742	0123	1 6	0,3 1,2 1,3 2,0 3,0 3,1
743	0123	1 7	0,3 1,2 1,3 2,0 3,0 3,1 3,2
302	3012
745	0123	1 6	0,3 1,2 1,3 2,0 2,3 3,2
746	0123	1 6	0,3 1,2 1,3 2,0 2,3 3,1
747	0123	1 7	0,3 1,2 1,3 2,0 2,3 3,1 3,2
748	0123	1 6	0,3 1,2 1,3 2,0 2,3 3,0
749	0123	1 7	0,3 1,2 1,3 2,0 2,3 3,0 3,2
750	0123	1 7	0,3 1,2 1,3 2,0 2,3 3,0 3,1
751	0123	1 8	0,3 1,2 1,3 2,0 2,3 3,0 3,1 3,2
230	3201
753	0123	1 6	0,3 1,2 1,3 2,0 2,1 3,2
742	3201
755	0123	1 7	0,3 1,2 1,3 2,0 2,1 3,1 3,2
756	0123	1 6	0,3 1,2 1,3 2,0 2,1 3,0
757	0123	1 7	0,3 1,2 1,3 2,0 2,1 3,0 3,2
758	0123	1 7	0,3 1,2 1,3 2,0 2,1 3,0 3,1
759	0123	1 8	0,3 1,2 1,3 2,0 2,1 3,0 3,1 3,2
303	3012
761	0123	1 7	0,3 1,2 1,3 2,0 2,1 2,3 3,2
762	0123	1 7	0,3 1,2 1,3 2,0 2,1 2,3 3,1
763	0123	1 8	0,3 1,2 1,3 2,0 2,1 2,3 3,1 3,2
764	0123	1 7	0,3 1,2 1,3 2,0 2,1 2,3 3,0
765	0123	1 8	0,3 1,2 1,3 2,0 2,1 2,3 3,0 3,2
766	0123	1 8	0,3 1,2 1,3 2,0 2,1 2,3 3,0 3,1
767	0123	1 9	0,3 1,2 1,3 2,0 2,1 2,3 3,0 3,1 3,2
10	2310
84	2013
81	2013
85	2013
73	2130
86	2013
83	2013
87	2013
100	3120
596	2013
593	2013
597	2013
594	2013
598	2013
595	2013
599	2013
84	3120
674	0213
593	2301
675	0213
596	3120
678	0213
666	2031
679	0213
116	3120
678	3102
737	0213
739	0213
626	1320
742	0213
741	0213
743	0213
76	3120
593	1230
593	2130
625	1230
585	1230
601	1230
601	2130
633	1230
108	3120
666	1320
737	1230
753	1230
602	1320
729	1230
745	1230
761	1230
92	3120
675	3102
737	3201
819	0123	1 6	0,3 1,0 2,0 2,1 3,1 3,2
604	3120
746	1320
822	0123	1 6	0,3 1,0 2,0 2,1 3,0 3,1
823	0123	1 7	0,3 1,0 2,0 2,1 3,0 3,1 3,2
124	3120
679	3102
826	0123	1 6	0,3 1,0 2,0 2,1 2,3 3,1
827	0123	1 7	0,3 1,0 2,0 2,1 2,3 3,1 3,2
634	1320
762	1320
830	0123	1 7	0,3 1,0 2,0 2,1 2,3 3,0 3,1
831	0123	1 8	0,3 1,0 2,0 2,1 2,3 3,0 3,1 3,2
19	2301
92	2013
83	2301
93	2013
90	2013
94	2013
91	2013
95	2013
293	3201
604	2013
601	2013
605	2013
602	2013
606	2013
603	2013
607	2013
101	3201
675	2031
595	2301
683	0213
659	2031
686	0213
667	2031
687	0213
302	3021
746	0213
745	0213
747	0213
748	0213
750	0213
749	0213
751	0213
108	3210
737	2130
666	2310
753	2130
602	2310
745	2130
729	2130
761	2130
310	3012
822	3012
822	3021
875	0123	1 7	0,3 1,0 1,3 2,0 2,3 3,1 3,2
876	0123	1 6	0,3 1,0 1,3 2,0 2,3 3,0
877	0123	1 7	0,3 1,0 1,3 2,0 2,3 3,0 3,2
877	0213
879	0123	1 8	0,3 1,0 1,3 2,0 2,3 3,0 3,1 3,2
229	3201
819	3012
741	3201
883	0123	1 7	0,3 1,0 1,3 2,0 2,1 3,1 3,2
748	3210
885	0123	1 7	0,3 1,0 1,3 2,0 2,1 3,0 3,2
886	0123	1 7	0,3 1,0 1,3 2,0 2,1 3,0 3,1
887	0123	1 8	0,3 1,0 1,3 2,0 2,1 3,0 3,1 3,2
311	3012
823	3012
830	3021
891	0123	1 8	0,3 1,0 1,3 2,0 2,1 2,3 3,1 3,2
892	0123	1 7	0,3 1,0 1,3 2,0 2,1 2,3 3,0
893	0123	1 8	0,3 1,0 1,3 2,0 2,1 2,3 3,0 3,2
894	0123	1 8	0,3 1,0 1,3 2,0 2,1 2,3 3,0 3,1
895	0123	1 9	0,3 1,0 1,3 2,0 2,1 2,3 3,0 3,1 3,2
21	2301
116	2013
85	2301
117	2013
106	2310
118	2013
115	2013
119	2013
228	3102
626	0213
625	0213
627	0213
626	2013
630	0213
627	2013
631	0213
99	3201
678	2031
597	2301
686	2031
661	2301
694	0213
670	2031
695	0213
230	3102
742	3102
753	0213
755	0213
756	0213
758	0213
757	0213
759	0213
92	3210
737	3102
675	3201
819	0213
604	3210
822	0213
746	2310
823	0213
229	3102
741	3102
819	3021
883	0213
748	3120
886	0213
885	0213
887	0213
220	3120
739	3102
739	3201
947	0123	1 7	0,3 1,0 1,2 2,0 2,1 3,1 3,2
732	3120
949	0123	1 7	0,3 1,0 1,2 2,0 2,1 3,0 3,2
949	0213
951	0123	1 8	0,3 1,0 1,2 2,0 2,1 3,0 3,1 3,2
231	3102
743	3102
827	3021
955	0123	1 8	0,3 1,0 1,2 2,0 2,1 2,3 3,1 3,2
764	3120
957	0123	1 8	0,3 1,0 1,2 2,0 2,1 2,3 3,0 3,2
958	0123	1 8	0,3 1,0 1,2 2,0 2,1 2,3 3,0 3,1
959	0123	1 9	0,3 1,0 1,2 2,0 2,1 2,3 3,0 3,1 3,2
23	2301
124	2013
87	2301
125	2013
122	2013
126	2013
123	2013
127	2013
295	3021
634	0213
633	0213
635	0213
634	2013
638	0213
635	2013
639	0213
103	3201
679	2031
599	2301
687	2031
663	2031
695	2031
671	2031
703	0213
303	3021
762	0213
761	0213
763	0213
764	0213
766	0213
765	0213
767	0213
124	3210
826	0213
679	3201
827	0213
634	2310
830	0213
762	2310
831	0213
311	3021
830	3012
823	3021
891	0213
892	0213
894	0213
893	0213
895	0213
231	3201
827	3012
743	3201
955	0213
764	3210
958	0213
957	0213
959	0213
319	3012
831	3012
831	3021
1019	0123	1 9	0,3 1,0 1,2 1,3 2,0 2,1 2,3 3,1 3,2
1020	0123	1 8	0,3 1,0 1,2 1,3 2,0 2,1 2,3 3,0
1021	0123	1 9	0,3 1,0 1,2 1,3 2,0 2,1 2,3 3,0 3,2
1021	0213
1023	0123	1 10	0,3 1,0 1,2 1,3 2,0 2,1 2,3 3,0 3,1 3,2
1	1320
18	1203
20	1203
22	1203
10	1230
19	1203
21	1203
23	1203
10	1302
73	1032
84	1203
86	1203
81	1032
83	1203
85	1203
87	1203
10	3102
76	1032
100	1032
108	1032
84	1032
92	1032
116	1032
124	1032
14	1302
77	1032
101	1032
109	1032
85	1032
93	1032
117	1032
125	1032
9	1302
73	1302
98	1032
106	1032
73	1320
90	1032
106	1230
122	1032
11	1302
75	1032
99	1032
107	1032
83	1032
91	1032
115	1032
123	1032
11	3102
77	1302
102	1032
110	1032
86	1032
94	1032
118	1032
126	1032
15	1302
79	1032
103	1032
111	1032
87	1032
95	1032
119	1032
127	1032
20	3201
100	2103
98	2103
102	2103
84	2310
101	2103
99	2103
103	2103
100	3012
594	0312
596	1203
598	1203
593	1203
595	1203
597	1203
599	1203
84	3201
593	0312
596	3201
666	0132
674	0132
675	1023
678	1023
679	1023
101	3012
595	0312
659	0132
667	0132
675	0132
683	0132
686	1023
687	1023
98	3012
596	0312
660	0132
661	1023
596	2310
659	1023
661	1203
663	1023
102	3012
598	0312
661	0132
669	0132
666	1023
667	1023
670	1023
671	1023
99	3012
597	0312
661	0312
670	0132
678	0132
686	0132
694	0132
695	1023
103	3012
599	0312
663	0132
671	0132
679	0132
687	0132
695	0132
703	0132
18	3201
292	2013
100	2301
293	2013
100	2310
293	2103
228	2301
295	2013
76	3012
585	0132
593	0132
601	0132
593	1032
601	1032
625	0132
633	0132
73	3012
585	0312
594	0132
602	0132
596	1032
604	1032
626	0132
634	0132
77	3012
587	0132
595	0132
603	0132
597	1032
605	1032
627	0132
635	0132
73	3102
585	1302
596	0132
604	0132
594	1032
602	1032
626	1032
634	1032
77	3102
587	1032
597	0132
605	0132
595	1032
603	1032
627	1032
635	1032
75	3012
587	3012
598	0132
606	0132
598	1032
606	1032
630	0132
638	0132
79	3012
591	0132
599	0132
607	0132
599	1032
607	1032
631	0132
639	0132
22	3201
293	2031
102	2301
301	2013
116	2310
302	2013
230	2301
303	2013
108	3012
602	0312
666	0312
729	0132
737	0132
745	0132
753	0132
761	0132
86	3201
601	0312
598	3201
729	0312
678	2301
746	0132
742	2301
762	0132
109	3012
603	0312
667	0312
731	0132
739	0132
747	0132
755	0132
763	0132
106	3012
604	0312
661	3021
732	0132
626	3210
748	0132
756	0132
764	0132
110	3012
606	0312
670	0312
733	0132
741	0132
749	0132
757	0132
765	0132
107	3012
605	0312
669	0312
733	0312
742	0132
750	0132
758	0132
766	0132
111	3012
607	0312
671	0312
735	0132
743	0132
751	0132
759	0132
767	0132
10	3210
100	2130
84	2130
116	2130
76	2130
108	2130
92	2130
124	2130
84	3012
596	3012
674	0312
678	2103
593	1320
666	1230
675	2103
679	2103
81	3012
593	3012
593	3201
737	0312
593	3120
737	1320
737	2301
826	0132
85	3012
597	3012
675	0312
739	0312
625	1320
753	1320
819	0132
827	0132
73	3120
594	3012
596	2130
626	1230
585	1320
602	1230
604	2130
634	1230
86	3012
598	3012
678	0312
742	0312
601	1320
729	1320
746	1230
762	1230
83	3012
595	3012
666	3021
741	0312
601	3120
745	1320
822	0132
830	0132
87	3012
599	3012
679	0312
743	0312
633	1320
761	1320
823	0132
831	0132
21	3201
228	2103
99	2301
230	2103
92	2310
229	2103
220	2130
231	2103
116	3012
626	0312
678	3021
742	2103
737	2103
741	2103
739	2103
743	2103
85	3201
625	0312
597	3201
753	0312
675	2301
819	2031
739	2301
827	2031
117	3012
627	0312
686	3021
755	0312
819	0312
883	0312
947	0132
955	0132
106	3210
626	3012
661	3201
756	0312
604	2310
748	2130
732	2130
764	2130
118	3012
630	0312
694	0312
758	0312
822	0312
886	0312
949	0132
957	0132
115	3012
627	3012
670	3021
757	0312
746	3210
885	0312
949	0312
958	0132
119	3012
631	0312
695	0312
759	0312
823	0312
887	0312
951	0132
959	0132
19	3201
293	2301
101	2301
302	2031
108	2310
310	2013
229	2301
311	2013
92	3012
604	3012
675	3021
746	0312
737	3120
822	2013
819	2013
823	2013
83	3201
601	3012
595	3201
745	0312
666	3210
822	2031
741	2301
830	2031
93	3012
605	3012
683	0312
747	0312
753	3120
875	0132
883	0132
891	0132
90	3012
602	3012
659	3021
748	0312
602	3210
876	0132
748	2310
892	0132
94	3012
606	3012
686	0312
750	0312
745	3120
877	0132
885	0132
893	0132
91	3012
603	3012
667	3021
749	0312
729	3120
877	0312
886	0132
894	0132
95	3012
607	3012
687	0312
751	0312
761	3120
879	0132
887	0132
895	0132
23	3201
295	2031
103	2301
303	2031
124	2310
311	2031
231	2301
319	2013
124	3012
634	0312
679	3021
762	0312
826	0312
830	2013
827	2013
831	2013
87	3201
633	0312
599	3201
761	0312
679	2301
823	2031
743	2301
831	2031
125	3012
635	0312
687	3021
763	0312
827	0312
891	0312
955	0312
1019	0132
122	3012
634	3012
663	3021
764	0312
634	3210
892	0312
764	2310
1020	0132
126	3012
638	0312
695	3021
766	0312
830	0312
894	0312
958	0312
1021	0132
123	3012
635	3012
671	3021
765	0312
762	3210
893	0312
957	0312
1021	0312
127	3012
639	0312
703	0312
767	0312
831	0312
895	0312
959	0312
1023	0132
3	1230
19	1230
21	2130
30	1203
11	1230
27	1203
29	1203
31	1203
19	1320
90	1203
92	1203
94	1203
83	1320
91	1203
93	1203
95	1203
21	3120
92	1302
228	1023
229	1023
99	1320
220	1032
230	1023
231	1023
30	1302
94	1302
229	1032
237	1023
115	1320
221	1032
238	1023
239	1023
11	1320
83	1230
99	1230
115	1230
75	1230
91	1230
107	1230
123	1230
27	1302
91	1302
220	1023
221	1023
91	1320
219	1023
221	1203
223	1023
29	1302
93	1302
230	1032
238	1032
107	1320
221	1302
246	1023
247	1023
31	1302
95	1302
231	1032
239	1032
123	1320
223	1032
247	1032
255	1023
22	2310
108	2103
106	2103
110	2103
86	2310
109	2103
107	2103
111	2103
293	3120
602	1203
604	1203
606	1203
601	1203
603	1203
605	1203
607	1203
116	3201
737	1023
626	2301
741	1023
678	3210
739	1023
742	1023
743	1023
302	3102
745	1023
748	1023
749	1023
746	1023
747	1023
750	1023
751	1023
102	3210
666	1203
661	2130
670	1203
598	2310
667	1203
669	1203
671	1203
301	3102
729	1023
732	1023
733	1023
729	1203
731	1023
733	1203
735	1023
230	3210
753	1023
756	1023
757	1023
742	3210
755	1023
758	1023
759	1023
303	3102
761	1023
764	1023
765	1023
762	1023
763	1023
766	1023
767	1023
22	3210
293	2130
116	2301
302	2103
102	2310
301	2103
230	2310
303	2103
108	3102
602	1302
737	1032
745	1032
666	1302
729	1032
753	1032
761	1032
106	3102
604	1302
626	3201
748	1032
661	3120
732	1032
756	1032
764	1032
110	3102
606	1302
741	1032
749	1032
670	1302
733	1032
757	1032
765	1032
86	3210
601	1302
678	2310
746	1032
598	3210
729	1302
742	2310
762	1032
109	3102
603	1302
739	1032
747	1032
667	1302
731	1032
755	1032
763	1032
107	3102
605	1302
742	1032
750	1032
669	1302
733	1302
758	1032
766	1032
111	3102
607	1302
743	1032
751	1032
671	1302
735	1032
759	1032
767	1032
54	2301
310	2301
118	2301
365	2013
118	2310
365	2103
246	2301
367	2013
310	3201
876	2013
822	3201
877	2013
822	3210
877	2103
875	2013
879	2013
118	3201
822	2301
630	2301
886	2301
694	2301
949	2031
758	2301
957	2031
365	3012
877	3012
886	3201
1755	0123	1 8	0,2 0,3 1,2 1,3 2,1 2,3 3,1 3,2
949	3120
1757	0123	1 8	0,2 0,3 1,2 1,3 2,1 2,3 3,0 3,2
1758	0123	1 8	0,2 0,3 1,2 1,3 2,1 2,3 3,0 3,1
1759	0123	1 9	0,2 0,3 1,2 1,3 2,1 2,3 3,0 3,1 3,2
118	3210
822	2310
694	3201
949	2130
630	2310
886	2310
758	2310
957	2130
365	3102
877	3102
949	3021
1757	0132
886	3210
1755	1023
1758	1023
1759	1023
246	3201
875	3012
758	3201
1758	0132
758	3210
1758	1032
1782	0123	1 8	0,2 0,3 1,2 1,3 2,0 2,1 3,0 3,1
1783	0123	1 9	0,2 0,3 1,2 1,3 2,0 2,1 3,0 3,1 3,2
367	3012
879	3012
957	3021
1759	0132
957	3120
1759	1032
1783	0132
1791	0123	1 10	0,2 0,3 1,2 1,3 2,0 2,1 2,3 3,0 3,1 3,2
14	2310
101	2130
85	2130
117	2130
77	2130
109	2130
93	2130
125	2130
101	3120
659	1230
675	1230
686	2103
595	1320
667	1230
683	2103
687	2103
85	3120
675	1320
625	2301
819	1230
597	3120
739	1320
753	2301
827	1230
117	3120
686	3102
819	1320
947	1230
627	1320
755	1320
883	1320
955	1230
77	3120
595	1230
597	2130
627	1230
587	1230
603	1230
605	2130
635	1230
109	3120
667	1320
739	1230
755	1230
603	1320
731	1230
747	1230
763	1230
93	3120
683	3102
753	3201
883	1230
605	3120
747	1320
875	1230
891	1230
125	3120
687	3102
827	1320
955	1320
635	1320
763	1320
891	1320
1019	1230
30	2310
229	2130
115	2301
238	2103
94	2310
237	2103
221	2130
239	2103
302	3210
748	2103
746	2103
750	2103
745	2103
749	2103
747	2103
751	2103
117	3201
819	2301
627	2301
883	2301
686	3210
947	2031
755	2301
955	2031
373	3012
885	3012
885	3201
1883	0123	1 8	0,2 0,3 1,0 1,3 2,1 2,3 3,1 3,2
885	3120
1883	1203
1883	2013
1887	0123	1 9	0,2 0,3 1,0 1,3 2,1 2,3 3,0 3,1 3,2
110	3210
741	2130
670	2310
757	2130
606	2310
749	2130
733	2130
765	2130
365	3120
886	3012
949	3201
1758	1203
877	3120
1755	1203
1757	1203
1759	1203
238	3210
883	3012
757	3201
1907	0123	1 8	0,2 0,3 1,0 1,3 2,0 2,1 3,1 3,2
750	3210
1883	1230
1758	2310
1911	0123	1 9	0,2 0,3 1,0 1,3 2,0 2,1 3,0 3,1 3,2
375	3012
887	3012
958	3021
1911	3012
893	3120
1917	0123	1 9	0,2 0,3 1,0 1,3 2,0 2,1 2,3 3,0 3,2
1918	0123	1 9	0,2 0,3 1,0 1,3 2,0 2,1 2,3 3,0 3,1
1919	0123	1 10	0,2 0,3 1,0 1,3 2,0 2,1 2,3 3,0 3,1 3,2
30	3210
302	2310
117	2301
373	2013
110	2310
365	2130
238	2310
375	2013
229	3120
748	3102
819	3201
885	2013
741	3120
886	2013
883	2013
887	2013
115	3201
746	3102
627	3201
885	2301
670	3210
949	2301
757	2301
958	2031
238	3102
750	3102
883	3201
1883	0132
757	3120
1758	1302
1907	0132
1911	2013
94	3210
745	3102
686	2310
885	2130
606	3210
877	2130
750	2310
893	2130
237	3102
749	3102
947	3021
1883	1302
749	3120
1755	1302
1883	1320
1917	0132
221	3120
747	3102
755	3201
1883	3012
733	3120
1757	1302
1758	3210
1918	0132
239	3102
751	3102
955	3021
1887	0132
765	3120
1759	1302
1911	0132
1919	0132
55	2301
311	2301
119	2301
375	2301
126	2310
382	2013
247	2301
383	2013
311	3201
892	2013
823	3201
893	2013
830	3210
894	2013
891	2013
895	2013
119	3201
823	2301
631	2301
887	2301
695	2301
951	2031
759	2301
959	2031
375	3201
893	3012
887	3201
1917	2013
958	3210
1918	2013
1911	3201
1919	2013
126	3210
830	2310
695	3201
958	2310
638	2310
894	2310
766	2310
1021	2130
382	3012
894	3012
951	3021
1918	3012
894	3210
2029	0123	1 9	0,2 0,3 1,0 1,2 1,3 2,0 2,3 3,0 3,2
1918	3210
2031	0123	1 10	0,2 0,3 1,0 1,2 1,3 2,0 2,3 3,0 3,1 3,2
247	3201
891	3012
759	3201
1911	2301
766	3210
1918	2310
1783	2301
2039	0123	1 10	0,2 0,3 1,0 1,2 1,3 2,0 2,1 3,0 3,1 3,2
383	3012
895	3012
959	3021
1919	3012
1021	3120
2031	0132
2039	0132
2047	0123	1 11	0,2 0,3 1,0 1,2 1,3 2,0 2,1 2,3 3,0 3,1 3,2
1	2310
20	2103
18	2103
22	2103
10	2130
21	2103
19	2103
23	2103
20	3102
98	1203
100	1203
102	1203
84	1320
99	1203
101	1203
103	1203
18	3102
100	1302
292	1023
293	1023
100	1320
228	1302
293	1203
295	1023
22	3102
102	1302
293	1032
301	1023
116	1320
230	1302
302	1023
303	1023
10	3120
84	1230
100	1230
116	1230
76	1230
92	1230
108	1230
124	1230
21	3102
99	1302
228	1203
230	1203
92	1320
220	1230
229	1203
231	1203
19	3102
101	1302
293	1302
302	1032
108	1320
229	1302
310	1023
311	1023
23	3102
103	1302
295	1032
303	1032
124	1320
231	1302
311	1032
319	1023
10	2301
84	2103
73	2031
86	2103
81	2031
85	2103
83	2103
87	2103
100	3021
596	2103
594	0321
598	2103
593	2103
597	2103
595	2103
599	2103
76	3021
593	0231
585	0231
601	0231
593	2031
625	0231
601	2031
633	0231
108	3021
666	0321
602	0321
729	0231
737	0231
753	0231
745	0231
761	0231
84	3021
674	0321
596	3021
678	1203
593	2310
675	1203
666	2130
679	1203
116	3021
678	3012
626	0321
742	1203
737	1203
739	1203
741	1203
743	1203
92	3021
675	3012
604	3021
746	0321
737	3210
819	1023
822	1023
823	1023
124	3021
679	3012
634	0321
762	0321
826	0321
827	1023
830	1023
831	1023
10	3201
100	2031
76	2031
108	2031
84	2031
116	2031
92	2031
124	2031
84	3102
596	3102
593	0321
666	0231
674	0231
678	2013
675	2013
679	2013
73	3021
594	0231
585	0321
602	0231
596	2031
626	0231
604	2031
634	0231
86	3102
598	3102
601	0321
729	0321
678	1302
742	1302
746	0231
762	0231
81	3021
593	3102
593	3021
737	0321
593	3210
737	1302
737	2310
826	0231
85	3102
597	3102
625	0321
753	0321
675	1302
739	1302
819	1032
827	1032
83	3102
595	3102
601	3021
745	0321
666	3120
741	1302
822	1032
830	1032
87	3102
599	3102
633	0321
761	0321
679	1302
743	1302
823	1032
831	1032
14	2301
101	2031
77	2031
109	2031
85	2031
117	2031
93	2031
125	2031
101	3021
659	0231
595	0321
667	0231
675	0231
686	2013
683	0231
687	2013
77	3021
595	0231
587	0231
603	0231
597	2031
627	0231
605	2031
635	0231
109	3021
667	0321
603	0321
731	0231
739	0231
755	0231
747	0231
763	0231
85	3021
675	0321
597	3021
739	0321
625	2310
819	0231
753	2310
827	0231
117	3021
686	3012
627	0321
755	0321
819	0321
947	0231
883	0321
955	0231
93	3021
683	0321
605	3021
747	0321
753	3210
883	0231
875	0231
891	0231
125	3021
687	3012
635	0321
763	0321
827	0321
955	0321
891	0321
1019	0231
9	2301
98	2031
73	2301
106	2031
73	2310
106	2130
90	2031
122	2031
98	3021
660	0231
596	0321
661	2013
596	1320
661	2103
659	2013
663	2013
73	3201
596	0231
585	2301
604	0231
594	2031
626	2031
602	2031
634	2031
106	3021
661	3012
604	0321
732	0231
626	3120
756	0231
748	0231
764	0231
73	3210
596	1230
594	3021
626	2130
585	2310
604	1230
602	2130
634	2130
106	3120
661	3102
626	3021
756	0321
604	1320
732	1230
748	1230
764	1230
90	3021
659	3012
602	3021
748	0321
602	3120
748	1320
876	0231
892	0231
122	3021
663	3012
634	3021
764	0321
634	3120
764	1320
892	0321
1020	0231
11	2301
99	2031
75	2031
107	2031
83	2031
115	2031
91	2031
123	2031
102	3021
661	0231
598	0321
669	0231
666	2013
670	2013
667	2013
671	2013
77	3201
597	0231
587	2031
605	0231
595	2031
627	2031
603	2031
635	2031
110	3021
670	0321
606	0321
733	0231
741	0231
757	0231
749	0231
765	0231
86	3021
678	0321
598	3021
742	0321
601	2310
746	2130
729	2310
762	2130
118	3021
694	0321
630	0321
758	0321
822	0321
949	0231
886	0321
957	0231
94	3021
686	0321
606	3021
750	0321
745	3210
885	0231
877	0231
893	0231
126	3021
695	3012
638	0321
766	0321
830	0321
958	0321
894	0321
1021	0231
11	3201
102	2031
77	2301
110	2031
86	2031
118	2031
94	2031
126	2031
99	3021
661	0321
597	0321
670	0231
678	0231
694	0231
686	0231
695	2013
75	3021
598	0231
587	3021
606	0231
598	2031
630	0231
606	2031
638	0231
107	3021
669	0321
605	0321
733	0321
742	0231
758	0231
750	0231
766	0231
83	3021
666	3012
595	3021
741	0321
601	3210
822	0231
745	2310
830	0231
115	3021
670	3012
627	3021
757	0321
746	3120
949	0321
885	0321
958	0231
91	3021
667	3012
603	3021
749	0321
729	3210
886	0231
877	0321
894	0231
123	3021
671	3012
635	3021
765	0321
762	3120
957	0321
893	0321
1021	0321
15	2301
103	2031
79	2031
111	2031
87	2031
119	2031
95	2031
127	2031
103	3021
663	0231
599	0321
671	0231
679	0231
695	0231
687	0231
703	0231
79	3021
599	0231
591	0231
607	0231
599	2031
631	0231
607	2031
639	0231
111	3021
671	0321
607	0321
735	0231
743	0231
759	0231
751	0231
767	0231
87	3021
679	0321
599	3021
743	0321
633	2310
823	0231
761	2310
831	0231
119	3021
695	0321
631	0321
759	0321
823	0321
951	0231
887	0321
959	0231
95	3021
687	0321
607	3021
751	0321
761	3210
887	0231
879	0231
895	0231
127	3021
703	0321
639	0321
767	0321
831	0321
959	0321
895	0321
1023	0231
3	2130
21	1230
19	2130
30	2103
11	2130
29	2103
27	2103
31	2103
22	1320
106	1203
108	1203
110	1203
86	1320
107	1203
109	1203
111	1203
22	3120
116	1302
293	1230
302	1203
102	1320
230	1320
301	1203
303	1203
54	1302
118	1302
310	1302
365	1023
118	1320
246	1302
365	1203
367	1023
14	1320
85	1230
101	1230
117	1230
77	1230
93	1230
109	1230
125	1230
30	1320
115	1302
229	1230
238	1203
94	1320
221	1230
237	1203
239	1203
30	3120
117	1302
302	1320
373	1023
110	1320
238	1320
365	1230
375	1023
55	1302
119	1302
311	1302
375	1302
126	1320
247	1302
382	1023
383	1023
19	2310
92	2103
90	2103
94	2103
83	2310
93	2103
91	2103
95	2103
293	3210
604	2103
602	2103
606	2103
601	2103
605	2103
603	2103
607	2103
108	3201
737	2031
602	2301
745	2031
666	2301
753	2031
729	2031
761	2031
310	3102
822	3102
876	1023
877	1023
822	3120
875	1023
877	1203
879	1023
101	3210
675	2130
659	2130
686	1203
595	2310
683	1203
667	2130
687	1203
302	3120
746	1203
748	1203
750	1203
745	1203
747	1203
749	1203
751	1203
229	3210
819	3102
748	3201
885	1023
741	3210
883	1023
886	1023
887	1023
311	3102
823	3102
892	1023
893	1023
830	3120
891	1023
894	1023
895	1023
21	3210
228	2013
92	2301
229	2013
99	2310
230	2013
220	2031
231	2013
116	3102
626	1302
737	2013
741	2013
678	3120
742	2013
739	2013
743	2013
106	3201
626	3102
604	2301
748	2031
661	3210
756	2031
732	2031
764	2031
118	3102
630	1302
822	1302
886	1302
694	1302
758	1302
949	1032
957	1032
85	3210
625	1302
675	2310
819	2130
597	3210
753	1302
739	2310
827	2130
117	3102
627	1302
819	1302
883	1302
686	3120
755	1302
947	1032
955	1032
115	3102
627	3102
746	3201
885	1302
670	3120
757	1302
949	1302
958	1032
119	3102
631	1302
823	1302
887	1302
695	1302
759	1302
951	1032
959	1032
30	2301
229	2031
94	2301
237	2013
115	2310
238	2013
221	2031
239	2013
302	3201
748	2013
745	2013
749	2013
746	2013
750	2013
747	2013
751	2013
110	3201
741	2031
606	2301
749	2031
670	2301
757	2031
733	2031
765	2031
365	3021
886	3102
877	3021
1755	0213
949	3210
1758	0213
1757	0213
1759	0213
117	3210
819	2310
686	3201
947	2130
627	2310
883	2310
755	2310
955	2130
373	3021
885	3102
885	3021
1883	0213
885	3210
1883	1023
1883	2103
1887	0213
238	3201
883	3102
750	3201
1883	0231
757	3210
1907	0231
1758	2301
1911	1023
375	3102
887	3102
893	3021
1917	1023
958	3120
1911	3102
1918	1023
1919	1023
11	2310
99	2130
83	2130
115	2130
75	2130
107	2130
91	2130
123	2130
102	3120
661	1230
666	2103
670	2103
598	1320
669	2103
667	2103
671	2103
86	3120
678	1320
601	2301
746	2031
598	3120
742	1320
729	2301
762	2031
118	3120
694	3102
822	1320
949	1230
630	1320
758	1320
886	1320
957	1230
77	3210
597	1230
595	2130
627	2130
587	2130
605	1230
603	2130
635	2130
110	3120
670	1320
741	1230
757	1230
606	1320
733	1230
749	1230
765	1230
94	3120
686	1320
745	3201
885	1230
606	3120
750	1320
877	1230
893	1230
126	3120
695	3102
830	1320
958	1320
638	1320
766	1320
894	1320
1021	1230
27	2301
220	2013
91	2301
221	2013
91	2310
221	2103
219	2013
223	2013
301	3201
732	2013
729	2013
733	2013
729	2103
733	2103
731	2013
735	2013
109	3201
739	2031
603	2301
747	2031
667	2301
755	2031
731	2031
763	2031
365	3201
949	3012
877	3201
1757	0231
886	3120
1758	2013
1755	2013
1759	2013
109	3210
739	2130
667	2310
755	2130
603	2310
747	2130
731	2130
763	2130
365	3210
949	3102
886	3021
1758	2103
877	3210
1757	2103
1755	2103
1759	2103
237	3201
947	3012
749	3201
1883	2301
749	3210
1883	2310
1755	2301
1917	0231
382	3021
951	3012
894	3021
1918	3021
894	3120
1918	3120
2029	0213
2031	0213
29	2301
230	2031
93	2301
238	2031
107	2310
246	2013
221	2301
247	2013
230	3120
756	2013
753	2013
757	2013
742	3120
758	2013
755	2013
759	2013
107	3201
742	2031
605	2301
750	2031
669	2301
758	2031
733	2301
766	2031
246	3102
758	3102
875	3021
1758	0231
758	3120
1782	0213
1758	2031
1783	0213
93	3210
753	3102
683	3201
883	2130
605	3210
875	2130
747	2310
891	2130
238	3120
757	3102
883	3021
1907	0213
750	3120
1758	1320
1883	2130
1911	0213
221	3210
755	3102
747	3201
1883	3021
733	3210
1758	3120
1757	2301
1918	0231
247	3102
759	3102
891	3021
1911	1302
766	3120
1783	1302
1918	1320
2039	0213
31	2301
231	2031
95	2301
239	2031
123	2310
247	2031
223	2031
255	2013
303	3201
764	2013
761	2013
765	2013
762	2013
766	2013
763	2013
767	2013
111	3201
743	2031
607	2301
751	2031
671	2301
759	2031
735	2031
767	2031
367	3021
957	3012
879	3021
1759	0231
957	3210
1783	0231
1759	2031
1791	0213
125	3210
827	2310
687	3201
955	2310
635	2310
891	2310
763	2310
1019	2130
375	3021
958	3012
887	3021
1911	3021
893	3210
1918	0213
1917	0213
1919	0213
239	3201
955	3012
751	3201
1887	0231
765	3210
1911	0231
1759	2301
1919	0231
383	3021
959	3012
895	3021
1919	3021
1021	3210
2039	0231
2031	0231
2047	0213
3	3120
22	1230
22	2130
54	1203
14	1230
30	1230
30	2130
55	1203
21	1320
106	1302
116	1203
118	1203
85	1320
115	1203
117	1203
119	1203
19	3120
108	1302
293	1320
310	1203
101	1320
229	1320
302	1230
311	1203
30	3102
110	1302
302	1302
365	1032
117	1320
238	1302
373	1032
375	1203
11	3120
86	1230
102	1230
118	1230
77	1320
94	1230
110	1230
126	1230
29	3102
107	1302
230	1230
246	1203
93	1320
221	1320
238	1230
247	1203
27	3102
109	1302
301	1302
365	1302
109	1320
237	1302
365	1320
382	1032
31	3102
111	1302
303	1302
367	1032
125	1320
239	1302
375	1032
383	1032
21	2310
116	2103
106	2301
118	2103
85	2310
117	2103
115	2103
119	2103
228	3012
626	1203
626	2103
630	1203
625	1203
627	1203
627	2103
631	1203
92	3201
737	3012
604	3201
822	1203
675	3210
819	1203
746	2301
823	1203
229	3012
741	3012
748	3021
886	1203
819	3120
883	1203
885	1203
887	1203
99	3210
678	2130
661	2310
694	1203
597	2310
686	2130
670	2130
695	1203
230	3012
742	3012
756	3021
758	1203
753	1203
755	1203
757	1203
759	1203
220	3021
739	3012
732	3021
949	1023
739	3210
947	1023
949	1203
951	1023
231	3012
743	3012
764	3021
957	1023
827	3120
955	1023
958	1023
959	1023
19	3210
293	2310
108	2301
310	2103
101	2310
302	2130
229	2310
311	2103
92	3102
604	3102
737	3021
822	2103
675	3120
746	1302
819	2103
823	2103
90	3102
602	3102
602	3201
876	1032
659	3120
748	1302
748	2301
892	1032
94	3102
606	3102
745	3021
877	1032
686	1302
750	1302
885	1032
893	1032
83	3210
601	3102
666	3201
822	2130
595	3210
745	1302
741	2310
830	2130
93	3102
605	3102
753	3021
875	1032
683	1302
747	1302
883	1032
891	1032
91	3102
603	3102
729	3021
877	1302
667	3120
749	1302
886	1032
894	1032
95	3102
607	3102
761	3021
879	1032
687	1302
751	1302
887	1032
895	1032
30	3201
302	2301
110	2301
365	2031
117	2310
373	2031
238	2301
375	2103
229	3021
748	3012
741	3021
886	2103
819	3210
885	2103
883	2103
887	2103
94	3201
745	3012
606	3201
877	2031
686	2301
885	2031
750	2301
893	2031
237	3012
749	3012
749	3021
1755	0312
947	3120
1883	0312
1883	0321
1917	1032
115	3210
746	3012
670	3201
949	2310
627	3210
885	2310
757	2310
958	2130
238	3012
750	3012
757	3021
1758	0312
883	3210
1883	1032
1907	0321
1911	2103
221	3021
747	3012
733	3021
1757	0312
755	3210
1883	3102
1758	3201
1918	1032
239	3012
751	3012
765	3021
1759	0312
955	3120
1887	0312
1911	1032
1919	1032
11	3210
102	2130
86	2130
118	2130
77	2310
110	2130
94	2130
126	2130
99	3120
661	1320
678	1230
694	2103
597	1320
670	1230
686	1230
695	2103
83	3120
666	3102
601	3201
822	1230
595	3120
741	1320
745	2301
830	1230
115	3120
670	3102
746	3021
949	1320
627	3120
757	1320
885	1320
958	1230
75	3120
598	1230
598	2130
630	1230
587	3120
606	1230
606	2130
638	1230
107	3120
669	3102
742	1230
758	1230
605	1320
733	1320
750	1230
766	1230
91	3120
667	3102
729	3201
886	1230
603	3120
749	1320
877	1320
894	1230
123	3120
671	3102
762	3021
957	1320
635	3120
765	1320
893	1320
1021	1320
29	3201
230	2130
107	2301
246	2103
93	2310
238	2130
221	2310
247	2103
230	3021
756	3012
742	3021
758	2103
753	2103
757	2103
755	2103
759	2103
93	3201
753	3012
605	3201
875	2031
683	2301
883	2031
747	2301
891	2031
238	3021
757	3012
750	3021
1758	0321
883	3120
1907	0312
1883	2031
1911	1203
107	3210
742	2130
669	3201
758	2130
605	2310
750	2130
733	2310
766	2130
246	3012
758	3012
758	3021
1782	0312
875	3120
1758	1230
1758	2130
1783	1203
221	3201
755	3012
733	3201
1758	3021
747	3210
1883	3120
1757	3201
1918	1230
247	3012
759	3012
766	3021
1783	0312
891	3120
1911	0312
1918	0321
2039	0312
27	3201
301	2301
109	2301
365	2301
109	2310
365	2310
237	2301
382	2031
220	3012
732	3012
739	3021
949	2013
739	3120
949	2103
947	2013
951	2013
91	3201
729	3012
603	3201
877	2301
667	3210
886	2031
749	2301
894	2031
221	3012
733	3012
747	3021
1757	0321
755	3120
1758	3102
1883	3201
1918	2031
91	3210
729	3102
667	3201
886	2130
603	3210
877	2310
749	2310
894	2130
221	3102
733	3102
755	3021
1758	3012
747	3120
1757	3102
1883	3210
1918	2130
219	3012
731	3012
731	3021
1755	3012
731	3120
1755	3102
1755	3201
2029	0312
223	3012
735	3012
763	3021
1759	3012
763	3120
1759	3102
1917	0321
2031	0312
31	3201
303	2301
111	2301
367	2031
125	2310
375	2031
239	2301
383	2031
231	3021
764	3012
743	3021
957	2013
827	3210
958	2013
955	2013
959	2013
95	3201
761	3012
607	3201
879	2031
687	2301
887	2031
751	2301
895	2031
239	3021
765	3012
751	3021
1759	0321
955	3210
1911	2031
1887	0321
1919	2031
123	3210
762	3012
671	3201
957	2310
635	3210
893	2310
765	2310
1021	2310
247	3021
766	3012
759	3021
1783	0321
891	3210
1918	0312
1911	0321
2039	0321
223	3021
763	3012
735	3021
1759	3021
763	3210
1917	0312
1759	3201
2031	0321
255	3012
767	3012
767	3021
1791	0312
1019	3120
1919	0312
1919	0321
2047	0312
7	1230
23	1230
23	2130
55	1230
15	1230
31	1230
31	2130
63	1203
23	1320
122	1203
124	1203
126	1203
87	1320
123	1203
125	1203
127	1203
23	3120
124	1302
295	1230
311	1230
103	1320
231	1320
303	1230
319	1203
55	1320
126	1302
311	1320
382	1203
119	1320
247	1320
375	1320
383	1203
15	1320
87	1230
103	1230
119	1230
79	1230
95	1230
111	1230
127	1230
31	1320
123	1302
231	1230
247	1230
95	1320
223	1230
239	1230
255	1203
31	3120
125	1302
303	1320
375	1230
111	1320
239	1320
367	1230
383	1230
63	1302
127	1302
319	1302
383	1302
127	1320
255	1302
383	1320
511	1023
23	2310
124	2103
122	2103
126	2103
87	2310
125	2103
123	2103
127	2103
295	3120
634	1203
634	2103
638	1203
633	1203
635	1203
635	2103
639	1203
124	3201
826	1203
634	2301
830	1203
679	3210
827	1203
762	2301
831	1203
311	3120
830	3102
892	1203
894	1203
823	3120
891	1203
893	1203
895	1203
103	3210
679	2130
663	2130
695	2130
599	2310
687	2130
671	2130
703	1203
303	3120
762	1203
764	1203
766	1203
761	1203
763	1203
765	1203
767	1203
231	3210
827	3102
764	3201
958	1203
743	3210
955	1203
957	1203
959	1203
319	3102
831	3102
1020	1023
1021	1023
831	3120
1019	1023
1021	1203
1023	1023
23	3210
295	2130
124	2301
311	2130
103	2310
303	2130
231	2310
319	2103
124	3102
634	1302
826	1302
830	2103
679	3120
762	1302
827	2103
831	2103
122	3102
634	3102
634	3201
892	1302
663	3120
764	1302
764	2301
1020	1032
126	3102
638	1302
830	1302
894	1302
695	3120
766	1302
958	1302
1021	1032
87	3210
633	1302
679	2310
823	2130
599	3210
761	1302
743	2310
831	2130
125	3102
635	1302
827	1302
891	1302
687	3120
763	1302
955	1302
1019	1032
123	3102
635	3102
762	3201
893	1302
671	3120
765	1302
957	1302
1021	1302
127	3102
639	1302
831	1302
895	1302
703	1302
767	1302
959	1302
1023	1032
55	2310
311	2310
126	2301
382	2103
119	2310
375	2310
247	2310
383	2103
311	3210
892	2103
830	3201
894	2103
823	3210
893	2103
891	2103
895	2103
126	3201
830	2301
638	2301
894	2301
695	3210
958	2301
766	2301
1021	2031
382	3102
894	3102
894	3201
2029	1023
951	3120
1918	3102
1918	3201
2031	1023
119	3210
823	2310
695	2310
951	2130
631	2310
887	2310
759	2310
959	2130
375	3210
893	3102
958	3201
1918	2103
887	3210
1917	2103
1911	3210
1919	2103
247	3210
891	3102
766	3201
1918	2301
759	3210
1911	2310
1783	2310
2039	1023
383	3102
895	3102
1021	3021
2031	1032
959	3120
1919	3102
2039	1032
2047	1023
15	2310
103	2130
87	2130
119	2130
79	2130
111	2130
95	2130
127	2130
103	3120
663	1230
679	1230
695	1230
599	1320
671	1230
687	1230
703	2103
87	3120
679	1320
633	2301
823	1230
599	3120
743	1320
761	2301
831	1230
119	3120
695	1320
823	1320
951	1230
631	1320
759	1320
887	1320
959	1230
79	3120
599	1230
599	2130
631	1230
591	1230
607	1230
607	2130
639	1230
111	3120
671	1320
743	1230
759	1230
607	1320
735	1230
751	1230
767	1230
95	3120
687	1320
761	3201
887	1230
607	3120
751	1320
879	1230
895	1230
127	3120
703	3102
831	1320
959	1320
639	1320
767	1320
895	1320
1023	1230
31	2310
231	2130
123	2301
247	2130
95	2310
239	2130
223	2130
255	2103
303	3210
764	2103
762	2103
766	2103
761	2103
765	2103
763	2103
767	2103
125	3201
827	2301
635	2301
891	2301
687	3210
955	2301
763	2301
1019	2031
375	3120
958	3102
893	3201
1918	1203
887	3120
1911	3120
1917	1203
1919	1203
111	3210
743	2130
671	2310
759	2130
607	2310
751	2130
735	2130
767	2130
367	3120
957	3102
957	3201
1783	1230
879	3120
1759	1230
1759	2130
1791	1203
239	3210
955	3102
765	3201
1911	1230
751	3210
1887	1230
1759	2310
1919	1230
383	3120
959	3102
1021	3201
2039	3012
895	3120
1919	3120
2031	1230
2047	1203
31	3210
303	2310
125	2301
375	2130
111	2310
367	2130
239	2310
383	2130
231	3120
764	3102
827	3201
958	2103
743	3120
957	2103
955	2103
959	2103
123	3201
762	3102
635	3201
893	2301
671	3210
957	2301
765	2301
1021	2301
247	3120
766	3102
891	3201
1918	1302
759	3120
1783	1320
1911	1320
2039	2013
95	3210
761	3102
687	2310
887	2130
607	3210
879	2130
751	2310
895	2130
239	3120
765	3102
955	3201
1911	2130
751	3120
1759	1320
1887	1320
1919	2130
223	3120
763	3102
763	3201
1917	1302
735	3120
1759	3120
1759	3210
2031	1320
255	3102
767	3102
1019	3021
1919	1302
767	3120
1791	1302
1919	1320
2047	1302
63	2301
319	2301
127	2301
383	2301
127	2310
383	2310
255	2301
511	2013
319	3201
1020	2013
831	3201
1021	2013
831	3210
1021	2103
1019	2013
1023	2013
127	3201
831	2301
639	2301
895	2301
703	2301
959	2301
767	2301
1023	2031
383	3201
1021	3012
895	3201
2031	2031
959	3210
2039	2031
1919	3201
2047	2013
127	3210
831	2310
703	3201
959	2310
639	2310
895	2310
767	2310
1023	2130
383	3210
1021	3102
959	3201
2039	3021
895	3210
2031	2130
1919	3210
2047	2103
255	3201
1019	3012
767	3201
1919	2301
767	3210
1919	2310
1791	2301
2047	2301
511	3012
1023	3012
1023	3021
2047	3012
1023	3120
2047	3102
2047	3201
4095	0123	1 12	0,1 0,2 0,3 1,0 1,2 1,3 2,0 2,1 2,3 3,0 3,1 3,2
