156
0 0
1 0
3 0
7 0
15 0
31 1
35 0
36 0
37 0
39 0
44 0
45 0
47 0
60 0
61 1
63 1
102 0
103 0
106 0
107 0
110 0
111 0
120 0
121 1
122 1
123 1
126 1
127 1
238 0
239 0
246 1
247 1
254 1
255 1
510 1
511 1
615 0
616 0
617 0
619 0
623 0
632 0
633 1
635 1
639 1
655 0
656 0
657 0
659 1
662 0
663 1
671 1
684 0
685 0
687 0
691 1
692 1
693 1
694 1
695 1
700 1
701 1
703 1
750 0
751 0
758 1
759 1
760 1
761 1
762 1
763 1
766 1
767 1
920 0
921 0
922 1
923 1
926 1
927 1
954 1
955 1
956 1
957 1
958 1
959 1
1022 1
1023 1
1743 0
1749 1
1751 1
1759 1
1775 0
1780 1
1781 1
1783 1
1788 1
1789 1
1791 1
1880 1
1881 1
1883 1
1884 1
1885 1
1887 1
1915 1
1916 1
1917 1
1919 1
2012 1
2013 1
2014 1
2015 1
2046 1
2047 1
4060 1
4061 1
4063 1
4095 1
5871 0
5872 0
5873 1
5875 1
5879 1
5887 1
5905 0
5907 1
5911 1
5919 1
5941 1
5943 1
5948 1
5949 1
5950 1
5951 1
6007 1
6010 1
6011 1
6014 1
6015 1
6142 1
6143 1
6654 1
6655 1
7071 1
7100 1
7101 1
7103 1
7166 1
7167 1
8157 1
8159 1
8191 1
15870 1
15871 1
16383 1
32767 1
