0 0
1 1
2 3
3 7
4 15
5 31
6 35
7 36
8 37
9 39
10 44
11 45
12 47
13 60
14 61
15 63
16 102
17 103
18 106
19 107
20 110
21 111
22 120
23 121
24 122
25 123
26 126
27 127
28 238
29 239
30 246
31 247
32 254
33 255
34 510
35 511
36 615
37 616
38 617
39 619
40 623
41 632
42 633
43 635
44 639
45 655
46 656
47 657
48 659
49 662
50 663
51 671
52 684
53 685
54 687
55 691
56 692
57 693
58 694
59 695
60 700
61 701
62 703
63 750
64 751
65 758
66 759
67 760
68 761
69 762
70 763
71 766
72 767
73 920
74 921
75 922
76 923
77 926
78 927
79 954
80 955
81 956
82 957
83 958
84 959
85 1022
86 1023
87 1743
88 1749
89 1751
90 1759
91 1775
92 1780
93 1781
94 1783
95 1788
96 1789
97 1791
98 1880
99 1881
100 1883
101 1884
102 1885
103 1887
104 1915
105 1916
106 1917
107 1919
108 2012
109 2013
110 2014
111 2015
112 2046
113 2047
114 4060
115 4061
116 4063
117 4095
118 5871
119 5872
120 5873
121 5875
122 5879
123 5887
124 5905
125 5907
126 5911
127 5919
128 5941
129 5943
130 5948
131 5949
132 5950
133 5951
134 6007
135 6010
136 6011
137 6014
138 6015
139 6142
140 6143
141 6654
142 6655
143 7071
144 7100
145 7101
146 7103
147 7166
148 7167
149 8157
150 8159
151 8191
152 15870
153 15871
154 16383
155 32767
