544
0 0 0 0 0 0 
1 1 1 1 2 2 
3 3 3 4 4 5 
6 6 7 7 7 8 
9 10 10 10 10 11 
12 12 12 12 12 13 
14 14 14 15 15 15 
16 16 17 17 17 17 
18 18 19 19 20 20 
21 21 22 23 23 24 
25 26 26 27 27 28 
29 30 30 31 32 33 
34 35 35 36 36 37 
38 38 38 39 39 40 
41 41 41 42 43 44 
45 45 45 46 46 47 
48 48 49 49 49 49 
50 50 51 51 52 52 
53 54 54 55 56 56 
57 58 58 59 60 60 
61 62 63 63 64 65 
66 67 68 68 69 70 
71 71 71 71 72 72 
73 73 73 73 74 74 
75 75 76 77 78 79 
80 80 81 82 83 84 
85 85 86 86 87 88 
89 89 90 90 91 92 
93 94 94 94 95 95 
96 97 97 97 98 98 
99 99 100 100 101 101 
102 102 103 103 104 104 
105 106 106 106 107 108 
109 110 110 110 111 112 
113 113 113 113 114 114 
115 115 115 115 116 116 
117 117 118 118 118 118 
119 120 121 121 121 120 
122 123 124 124 125 126 
127 128 129 130 130 131 
132 133 134 134 134 135 
136 136 137 137 137 138 
139 139 140 140 141 142 
143 143 144 145 145 146 
147 147 148 148 148 149 
150 151 151 151 151 152 
153 153 153 153 153 153 
154 154 155 155 156 156 
157 158 158 159 159 160 
161 162 163 163 162 164 
165 166 167 167 168 169 
170 171 171 171 171 172 
173 174 174 174 174 174 
175 176 177 177 178 178 
179 180 180 181 181 182 
183 183 183 184 184 184 
185 185 186 186 187 187 
188 188 189 189 190 190 
191 192 193 194 195 196 
197 198 199 200 201 202 
203 204 204 205 205 206 
207 208 209 210 211 212 
213 214 214 215 215 216 
217 218 219 219 220 220 
221 222 223 223 224 224 
225 225 226 226 227 227 
228 228 229 229 230 230 
231 232 233 233 234 235 
236 237 238 238 239 240 
241 242 243 244 245 246 
247 248 249 250 251 252 
253 254 255 255 256 257 
258 259 260 260 261 262 
263 263 264 264 263 263 
265 265 266 266 267 267 
268 268 269 270 271 272 
273 273 274 275 276 277 
278 278 279 279 280 281 
282 282 283 283 284 285 
286 286 287 288 289 289 
290 290 291 292 293 293 
294 294 295 295 296 296 
297 297 298 298 299 299 
300 300 301 302 303 304 
305 305 306 307 308 309 
310 310 311 311 312 312 
313 313 314 314 315 315 
316 317 317 317 317 318 
319 320 321 320 321 322 
323 324 325 326 326 327 
328 329 329 329 329 330 
331 332 332 333 333 333 
334 335 336 337 337 338 
339 340 341 342 343 344 
345 346 347 348 348 349 
350 351 351 352 352 353 
354 355 355 356 357 358 
359 360 360 361 361 362 
363 363 363 363 363 363 
364 365 365 366 367 367 
368 368 369 370 370 371 
372 372 373 372 372 373 
374 375 376 377 378 379 
380 380 381 382 382 383 
384 384 384 385 385 385 
386 386 387 388 388 389 
390 391 392 393 394 395 
396 396 397 398 398 399 
400 401 401 400 401 401 
402 403 403 404 405 405 
406 407 407 408 409 410 
411 412 412 413 414 415 
416 417 417 418 419 419 
420 421 421 422 423 423 
424 424 424 424 424 424 
425 425 425 426 427 427 
428 428 428 429 429 430 
431 431 431 432 432 432 
433 434 434 434 434 434 
435 436 436 436 436 435 
437 438 438 438 439 440 
441 442 442 443 443 444 
445 446 447 447 447 448 
449 450 450 450 450 451 
452 452 452 452 452 452 
453 453 453 454 453 454 
455 456 457 457 455 458 
459 460 460 460 459 461 
462 462 463 463 463 463 
464 464 465 466 465 466 
467 468 468 469 467 469 
470 471 471 472 473 474 
475 476 476 477 475 477 
478 479 479 480 481 482 
483 483 484 484 484 484 
485 486 486 487 488 488 
489 490 490 491 492 492 
493 494 495 495 496 497 
498 499 500 500 501 502 
503 504 504 504 505 505 
506 507 507 507 508 508 
509 509 509 509 510 510 
511 511 511 511 512 512 
513 513 513 513 513 514 
515 515 515 515 515 515 
516 516 517 517 518 518 
519 520 520 521 521 522 
523 523 524 524 525 525 
526 526 527 527 528 528 
529 530 530 529 530 530 
531 532 532 533 533 534 
535 536 536 537 537 537 
538 538 538 538 538 538 
539 539 539 539 540 540 
541 541 542 542 542 542 
543 543 543 543 543 543 
