1044
0 0 0
1 0 1
3 0 2
7 0 3
15 0 4
31 0 5
63 1 6
67 0 3
68 0 2
69 0 3
71 0 4
76 0 3
77 0 4
79 0 5
92 0 4
93 0 5
95 0 6
124 0 5
125 1 6
127 1 7
198 0 4
199 0 5
202 0 4
203 0 5
206 0 5
207 0 6
216 0 4
217 0 5
218 0 5
219 0 6
222 0 6
223 0 7
248 0 5
249 1 6
250 1 6
251 1 7
254 1 7
255 1 8
462 0 6
463 0 7
470 0 6
471 0 7
478 0 7
479 0 8
498 1 6
499 1 7
502 1 7
503 1 8
510 1 8
511 1 9
990 0 8
991 0 9
1006 1 8
1007 1 9
1022 1 9
1023 1 10
2046 1 10
2047 1 11
2247 0 6
2248 0 4
2249 0 5
2251 0 6
2255 0 7
2264 0 5
2265 0 6
2267 0 7
2271 0 8
2296 0 6
2297 1 7
2299 1 8
2303 1 9
2319 0 6
2320 0 3
2321 0 4
2323 0 5
2326 0 5
2327 0 6
2335 0 7
2352 0 4
2353 0 5
2355 1 6
2358 0 6
2359 1 7
2367 1 8
2380 0 5
2381 0 6
2383 0 7
2387 0 6
2388 0 5
2389 0 6
2390 0 6
2391 0 7
2396 0 6
2397 0 7
2399 0 8
2416 0 5
2417 1 6
2419 1 7
2420 1 6
2421 1 7
2422 1 7
2423 1 8
2428 1 7
2429 1 8
2431 1 9
2510 0 7
2511 0 8
2518 0 7
2519 0 8
2520 0 6
2521 0 7
2522 0 7
2523 0 8
2526 0 8
2527 0 9
2544 0 6
2545 1 7
2546 1 7
2547 1 8
2550 1 8
2551 1 9
2552 1 7
2553 1 8
2554 1 8
2555 1 9
2558 1 9
2559 1 10
2840 0 5
2841 0 6
2842 0 6
2843 0 7
2846 0 7
2847 0 8
2856 0 5
2857 0 6
2858 1 6
2859 1 7
2862 1 7
2863 1 8
2872 0 6
2873 0 7
2874 1 7
2875 1 8
2878 1 8
2879 1 9
2906 0 7
2907 0 8
2908 0 7
2909 0 8
2910 0 8
2911 0 9
2922 1 7
2923 1 8
2924 1 7
2925 1 8
2926 1 8
2927 1 9
2936 1 7
2937 1 8
2938 1 8
2939 1 9
2940 1 8
2941 1 9
2942 1 9
2943 1 10
3038 0 9
3039 0 10
3054 1 9
3055 1 10
3064 1 8
3065 1 9
3066 1 9
3067 1 10
3070 1 10
3071 1 11
3896 0 7
3897 0 8
3898 1 8
3899 1 9
3902 1 9
3903 1 10
3962 1 9
3963 1 10
3964 1 9
3965 1 10
3966 1 10
3967 1 11
4094 1 11
4095 1 12
6543 0 8
6549 0 7
6551 0 8
6559 0 9
6576 0 6
6577 1 7
6579 1 8
6581 1 8
6583 1 9
6591 1 10
6607 0 9
6612 0 7
6613 0 8
6615 0 9
6620 0 8
6621 0 9
6623 0 10
6640 0 7
6641 1 8
6643 1 9
6644 1 8
6645 1 9
6647 1 10
6652 1 9
6653 1 10
6655 1 11
6808 0 6
6809 0 7
6811 0 8
6812 0 7
6813 0 8
6815 0 9
6820 1 6
6821 1 7
6823 1 8
6824 1 6
6825 1 7
6826 1 7
6827 1 8
6828 1 7
6829 1 8
6830 1 8
6831 1 9
6840 1 7
6841 1 8
6843 1 9
6844 1 8
6845 1 9
6847 1 10
6875 0 9
6876 0 8
6877 0 9
6879 0 10
6887 1 9
6890 1 8
6891 1 9
6892 1 8
6893 1 9
6894 1 9
6895 1 10
6904 1 8
6905 1 9
6907 1 10
6908 1 9
6909 1 10
6911 1 11
7068 0 8
7069 0 9
7070 0 9
7071 0 10
7084 1 8
7085 1 9
7086 1 9
7087 1 10
7088 1 7
7089 1 8
7090 1 8
7091 1 9
7092 1 8
7093 1 9
7094 1 9
7095 1 10
7100 1 9
7101 1 10
7102 1 10
7103 1 11
7134 0 10
7135 0 11
7150 1 10
7151 1 11
7152 1 8
7153 1 9
7154 1 9
7155 1 10
7156 1 9
7157 1 10
7158 1 10
7159 1 11
7164 1 10
7165 1 11
7166 1 11
7167 1 12
7740 1 8
7741 1 9
7743 1 10
7804 1 9
7805 1 10
7807 1 11
7860 1 8
7861 1 9
7862 1 9
7863 1 10
7864 1 8
7865 1 9
7866 1 9
7867 1 10
7868 1 9
7869 1 10
7870 1 10
7871 1 11
7926 1 10
7927 1 11
7930 1 10
7931 1 11
7932 1 10
7933 1 11
7934 1 11
7935 1 12
8124 1 10
8125 1 11
8126 1 11
8127 1 12
8190 1 12
8191 1 13
15260 0 9
15261 0 10
15263 0 11
15276 1 9
15277 1 10
15279 1 11
15292 1 10
15293 1 11
15295 1 12
15327 0 12
15340 1 10
15341 1 11
15343 1 12
15356 1 11
15357 1 12
15359 1 13
15796 1 9
15797 1 10
15799 1 11
15804 1 10
15805 1 11
15807 1 12
15863 1 12
15868 1 11
15869 1 12
15871 1 13
16316 1 11
16317 1 12
16318 1 12
16319 1 13
16382 1 13
16383 1 14
32700 1 12
32701 1 13
32703 1 14
32767 1 15
39375 0 10
39376 0 7
39377 0 8
39379 0 9
39383 0 10
39391 0 11
39408 0 8
39409 1 9
39411 1 10
39415 1 11
39423 1 12
39441 0 6
39443 0 7
39447 0 8
39455 0 9
39456 0 5
39457 0 6
39458 0 6
39459 1 7
39462 0 7
39463 1 8
39470 0 8
39471 1 9
39473 0 7
39475 1 8
39479 1 9
39487 1 10
39509 0 8
39511 0 9
39516 0 8
39517 0 9
39518 0 9
39519 0 10
39522 1 7
39523 1 8
39524 1 7
39525 1 8
39526 1 8
39527 1 9
39532 1 8
39533 1 9
39534 1 9
39535 1 10
39536 1 7
39537 1 8
39538 1 8
39539 1 9
39540 1 8
39541 1 9
39542 1 9
39543 1 10
39548 1 9
39549 1 10
39550 1 10
39551 1 11
39639 0 10
39642 0 9
39643 0 10
39646 0 10
39647 0 11
39654 1 9
39655 1 10
39658 1 9
39659 1 10
39662 1 10
39663 1 11
39664 1 8
39665 1 9
39666 1 9
39667 1 10
39670 1 10
39671 1 11
39672 1 9
39673 1 10
39674 1 10
39675 1 11
39678 1 11
39679 1 12
39902 0 11
39903 0 12
39918 1 11
39919 1 12
39920 1 9
39921 1 10
39922 1 10
39923 1 11
39926 1 11
39927 1 12
39934 1 12
39935 1 13
40496 0 7
40497 0 8
40498 1 8
40499 1 9
40502 1 9
40503 1 10
40510 1 10
40511 1 11
40562 1 9
40563 1 10
40564 1 9
40565 1 10
40566 1 10
40567 1 11
40572 1 10
40573 1 11
40574 1 11
40575 1 12
40694 1 11
40695 1 12
40698 1 11
40699 1 12
40702 1 12
40703 1 13
40958 1 13
40959 1 14
41950 0 10
41951 0 11
41952 0 7
41953 1 8
41954 1 8
41955 1 9
41958 1 9
41959 1 10
41964 1 9
41965 1 10
41966 1 10
41967 1 11
41982 1 11
41983 1 12
42047 1 9
42096 0 6
42097 0 7
42099 0 8
42100 1 7
42101 1 8
42103 1 9
42108 1 8
42109 1 9
42111 1 10
42218 1 8
42219 1 9
42220 1 8
42221 1 9
42222 1 9
42223 1 10
42232 1 8
42233 1 9
42234 1 9
42235 1 10
42238 1 10
42239 1 11
42412 0 8
42413 0 9
42414 1 9
42415 1 10
42418 1 8
42419 1 9
42422 1 9
42423 1 10
42430 1 10
42431 1 11
42478 1 10
42479 1 11
42486 1 10
42487 1 11
42492 1 10
42493 1 11
42494 1 11
42495 1 12
43006 1 12
43007 1 13
43807 0 10
43814 1 8
43815 1 9
43821 1 9
43823 1 10
43839 1 11
43868 0 9
43869 0 10
43871 0 11
43878 1 9
43879 1 10
43884 1 9
43885 1 10
43887 1 11
43888 1 8
43889 1 9
43891 1 10
43892 1 9
43893 1 10
43894 1 10
43895 1 11
43900 1 10
43901 1 11
43903 1 12
43998 0 11
43999 0 12
44006 1 10
44007 1 11
44008 1 9
44009 1 10
44010 1 10
44011 1 11
44012 1 10
44013 1 11
44014 1 11
44015 1 12
44024 1 10
44025 1 11
44026 1 11
44027 1 12
44030 1 12
44031 1 13
44280 1 9
44281 1 10
44283 1 11
44287 1 12
44336 1 7
44337 1 8
44339 1 9
44340 1 8
44341 1 9
44342 1 9
44343 1 10
44348 1 9
44349 1 10
44351 1 11
44403 1 10
44404 1 9
44405 1 10
44406 1 10
44407 1 11
44412 1 10
44413 1 11
44415 1 12
44460 1 9
44461 1 10
44462 1 10
44463 1 11
44466 1 9
44467 1 10
44470 1 10
44471 1 11
44472 1 9
44473 1 10
44474 1 10
44475 1 11
44476 1 10
44477 1 11
44478 1 11
44479 1 12
44526 1 11
44527 1 12
44534 1 11
44535 1 12
44536 1 10
44537 1 11
44538 1 11
44539 1 12
44540 1 11
44541 1 12
44542 1 12
44543 1 13
44856 1 9
44857 1 10
44858 1 10
44859 1 11
44862 1 11
44863 1 12
44922 1 11
44923 1 12
44924 1 11
44925 1 12
44926 1 12
44927 1 13
45054 1 13
45055 1 14
48029 0 11
48031 0 12
48044 1 10
48045 1 11
48047 1 12
48048 1 9
48049 1 10
48051 1 11
48052 1 10
48053 1 11
48055 1 12
48060 1 11
48061 1 12
48063 1 13
48095 0 13
48108 1 11
48109 1 12
48111 1 13
48112 1 10
48113 1 11
48115 1 12
48116 1 11
48117 1 12
48119 1 13
48124 1 12
48125 1 13
48127 1 14
48560 1 9
48561 1 10
48563 1 11
48564 1 10
48565 1 11
48567 1 12
48572 1 11
48573 1 12
48575 1 13
48624 1 10
48625 1 11
48627 1 12
48628 1 11
48629 1 12
48631 1 13
48636 1 12
48637 1 13
48639 1 14
48689 1 9
48690 1 9
48691 1 10
48692 1 9
48693 1 10
48694 1 10
48695 1 11
48700 1 10
48701 1 11
48702 1 11
48703 1 12
48754 1 10
48755 1 11
48756 1 10
48757 1 11
48758 1 11
48759 1 12
48764 1 11
48765 1 12
48766 1 12
48767 1 13
48820 1 10
48821 1 11
48822 1 11
48823 1 12
48824 1 10
48825 1 11
48826 1 11
48827 1 12
48828 1 11
48829 1 12
48830 1 12
48831 1 13
48886 1 12
48887 1 13
48890 1 12
48891 1 13
48892 1 12
48893 1 13
48894 1 13
48895 1 14
49084 1 12
49085 1 13
49086 1 13
49087 1 14
49150 1 14
49151 1 15
58931 0 9
58935 1 10
58943 1 11
58995 0 10
58997 1 10
58999 1 11
59004 1 10
59005 1 11
59007 1 12
59063 1 11
59065 1 10
59066 1 10
59067 1 11
59069 1 11
59070 1 11
59071 1 12
59126 1 11
59127 1 12
59130 1 11
59131 1 12
59132 1 11
59133 1 12
59134 1 12
59135 1 13
59324 1 11
59325 1 12
59326 1 12
59327 1 13
59390 1 13
59391 1 14
61111 1 12
61112 1 10
61113 1 11
61115 1 12
61116 1 11
61117 1 12
61119 1 13
61175 1 13
61176 1 11
61177 1 12
61179 1 13
61180 1 12
61181 1 13
61183 1 14
61244 1 11
61245 1 12
61247 1 13
61308 1 12
61309 1 13
61311 1 14
61372 1 12
61373 1 13
61374 1 13
61375 1 14
61438 1 14
61439 1 15
65468 1 13
65469 1 14
65471 1 15
65535 1 16
111582 0 12
111583 0 13
111594 1 11
111595 1 12
111598 1 12
111599 1 13
111614 1 13
111615 1 14
111979 1 11
111980 1 10
111981 1 11
111982 1 11
111983 1 12
111988 1 10
111989 1 11
111990 1 11
111991 1 12
111998 1 12
111999 1 13
112110 1 12
112111 1 13
112118 1 12
112119 1 13
112122 1 12
112123 1 13
112126 1 13
112127 1 14
112638 1 14
112639 1 15
113631 0 14
113640 1 11
113641 1 12
113643 1 13
113647 1 14
113656 1 12
113657 1 13
113659 1 14
113663 1 15
113961 1 10
113963 1 11
113967 1 12
113969 1 10
113970 1 10
113971 1 11
113974 1 11
113975 1 12
113977 1 11
113978 1 11
113979 1 12
113982 1 12
113983 1 13
114029 1 12
114031 1 13
114034 1 11
114035 1 12
114036 1 11
114037 1 12
114038 1 12
114039 1 13
114040 1 11
114041 1 12
114042 1 12
114043 1 13
114044 1 12
114045 1 13
114046 1 13
114047 1 14
114159 1 14
114166 1 13
114167 1 14
114168 1 12
114169 1 13
114170 1 13
114171 1 14
114174 1 14
114175 1 15
114489 1 12
114490 1 12
114491 1 13
114494 1 13
114495 1 14
114554 1 13
114555 1 14
114556 1 13
114557 1 14
114558 1 14
114559 1 15
114686 1 15
114687 1 16
120383 1 12
120443 1 12
120444 1 11
120445 1 12
120447 1 13
120568 1 11
120569 1 12
120570 1 12
120571 1 13
120574 1 13
120575 1 14
120639 1 13
120699 1 13
120700 1 12
120701 1 13
120702 1 13
120703 1 14
120830 1 14
120831 1 15
122616 1 12
122617 1 13
122619 1 14
122623 1 15
122681 1 12
122682 1 12
122683 1 13
122686 1 13
122687 1 14
122746 1 13
122747 1 14
122748 1 13
122749 1 14
122750 1 14
122751 1 15
122878 1 15
122879 1 16
128831 1 14
128891 1 14
128892 1 13
128893 1 14
128895 1 15
128956 1 13
128957 1 14
128958 1 14
128959 1 15
129022 1 15
129023 1 16
131004 1 14
131005 1 15
131007 1 16
131071 1 17
259903 1 15
259963 1 15
259964 1 14
259965 1 15
259967 1 16
260094 1 16
260095 1 17
262143 1 18
375775 0 15
375776 0 11
375777 1 12
375779 1 13
375783 1 14
375791 1 15
375807 1 16
375841 0 9
375843 1 10
375847 1 11
375855 1 12
375871 1 13
375907 1 11
375909 1 11
375911 1 12
375917 1 12
375919 1 13
375932 1 12
375933 1 13
375934 1 13
375935 1 14
376039 1 13
376043 1 13
376047 1 14
376056 1 12
376057 1 13
376058 1 13
376059 1 14
376062 1 14
376063 1 15
376303 1 15
376310 1 14
376311 1 15
376318 1 15
376319 1 16
376830 1 16
376831 1 17
377983 1 12
378106 1 11
378107 1 12
378111 1 13
378358 1 12
378359 1 13
378366 1 13
378367 1 14
378878 1 14
378879 1 15
380275 1 12
380278 1 12
380279 1 13
380287 1 14
380406 1 13
380407 1 14
380410 1 13
380411 1 14
380415 1 15
380731 1 13
380735 1 14
380795 1 14
380796 1 13
380797 1 14
380798 1 14
380799 1 15
380863 1 15
380926 1 15
380927 1 16
384501 1 14
384503 1 15
384511 1 16
384697 1 13
384699 1 14
384701 1 14
384703 1 15
384763 1 15
384764 1 14
384765 1 15
384767 1 16
384957 1 15
384958 1 15
384959 1 16
385022 1 16
385023 1 17
393149 1 16
393151 1 17
393215 1 18
425917 1 15
425919 1 16
425983 1 17
452606 1 15
452607 1 16
454463 1 15
454524 1 14
454525 1 15
454527 1 16
454654 1 16
454655 1 17
458685 1 16
458687 1 17
458751 1 18
522111 1 17
522238 1 17
522239 1 18
524287 1 19
1015743 1 18
1015807 1 19
1048575 1 20
2097151 1 21
