0 0
1 1
2 3
3 7
4 15
5 31
6 63
7 67
8 68
9 69
10 71
11 76
12 77
13 79
14 92
15 93
16 95
17 124
18 125
19 127
20 198
21 199
22 202
23 203
24 206
25 207
26 216
27 217
28 218
29 219
30 222
31 223
32 248
33 249
34 250
35 251
36 254
37 255
38 462
39 463
40 470
41 471
42 478
43 479
44 498
45 499
46 502
47 503
48 510
49 511
50 990
51 991
52 1006
53 1007
54 1022
55 1023
56 2046
57 2047
58 2247
59 2248
60 2249
61 2251
62 2255
63 2264
64 2265
65 2267
66 2271
67 2296
68 2297
69 2299
70 2303
71 2319
72 2320
73 2321
74 2323
75 2326
76 2327
77 2335
78 2352
79 2353
80 2355
81 2358
82 2359
83 2367
84 2380
85 2381
86 2383
87 2387
88 2388
89 2389
90 2390
91 2391
92 2396
93 2397
94 2399
95 2416
96 2417
97 2419
98 2420
99 2421
100 2422
101 2423
102 2428
103 2429
104 2431
105 2510
106 2511
107 2518
108 2519
109 2520
110 2521
111 2522
112 2523
113 2526
114 2527
115 2544
116 2545
117 2546
118 2547
119 2550
120 2551
121 2552
122 2553
123 2554
124 2555
125 2558
126 2559
127 2840
128 2841
129 2842
130 2843
131 2846
132 2847
133 2856
134 2857
135 2858
136 2859
137 2862
138 2863
139 2872
140 2873
141 2874
142 2875
143 2878
144 2879
145 2906
146 2907
147 2908
148 2909
149 2910
150 2911
151 2922
152 2923
153 2924
154 2925
155 2926
156 2927
157 2936
158 2937
159 2938
160 2939
161 2940
162 2941
163 2942
164 2943
165 3038
166 3039
167 3054
168 3055
169 3064
170 3065
171 3066
172 3067
173 3070
174 3071
175 3896
176 3897
177 3898
178 3899
179 3902
180 3903
181 3962
182 3963
183 3964
184 3965
185 3966
186 3967
187 4094
188 4095
189 6543
190 6549
191 6551
192 6559
193 6576
194 6577
195 6579
196 6581
197 6583
198 6591
199 6607
200 6612
201 6613
202 6615
203 6620
204 6621
205 6623
206 6640
207 6641
208 6643
209 6644
210 6645
211 6647
212 6652
213 6653
214 6655
215 6808
216 6809
217 6811
218 6812
219 6813
220 6815
221 6820
222 6821
223 6823
224 6824
225 6825
226 6826
227 6827
228 6828
229 6829
230 6830
231 6831
232 6840
233 6841
234 6843
235 6844
236 6845
237 6847
238 6875
239 6876
240 6877
241 6879
242 6887
243 6890
244 6891
245 6892
246 6893
247 6894
248 6895
249 6904
250 6905
251 6907
252 6908
253 6909
254 6911
255 7068
256 7069
257 7070
258 7071
259 7084
260 7085
261 7086
262 7087
263 7088
264 7089
265 7090
266 7091
267 7092
268 7093
269 7094
270 7095
271 7100
272 7101
273 7102
274 7103
275 7134
276 7135
277 7150
278 7151
279 7152
280 7153
281 7154
282 7155
283 7156
284 7157
285 7158
286 7159
287 7164
288 7165
289 7166
290 7167
291 7740
292 7741
293 7743
294 7804
295 7805
296 7807
297 7860
298 7861
299 7862
300 7863
301 7864
302 7865
303 7866
304 7867
305 7868
306 7869
307 7870
308 7871
309 7926
310 7927
311 7930
312 7931
313 7932
314 7933
315 7934
316 7935
317 8124
318 8125
319 8126
320 8127
321 8190
322 8191
323 15260
324 15261
325 15263
326 15276
327 15277
328 15279
329 15292
330 15293
331 15295
332 15327
333 15340
334 15341
335 15343
336 15356
337 15357
338 15359
339 15796
340 15797
341 15799
342 15804
343 15805
344 15807
345 15863
346 15868
347 15869
348 15871
349 16316
350 16317
351 16318
352 16319
353 16382
354 16383
355 32700
356 32701
357 32703
358 32767
359 39375
360 39376
361 39377
362 39379
363 39383
364 39391
365 39408
366 39409
367 39411
368 39415
369 39423
370 39441
371 39443
372 39447
373 39455
374 39456
375 39457
376 39458
377 39459
378 39462
379 39463
380 39470
381 39471
382 39473
383 39475
384 39479
385 39487
386 39509
387 39511
388 39516
389 39517
390 39518
391 39519
392 39522
393 39523
394 39524
395 39525
396 39526
397 39527
398 39532
399 39533
400 39534
401 39535
402 39536
403 39537
404 39538
405 39539
406 39540
407 39541
408 39542
409 39543
410 39548
411 39549
412 39550
413 39551
414 39639
415 39642
416 39643
417 39646
418 39647
419 39654
420 39655
421 39658
422 39659
423 39662
424 39663
425 39664
426 39665
427 39666
428 39667
429 39670
430 39671
431 39672
432 39673
433 39674
434 39675
435 39678
436 39679
437 39902
438 39903
439 39918
440 39919
441 39920
442 39921
443 39922
444 39923
445 39926
446 39927
447 39934
448 39935
449 40496
450 40497
451 40498
452 40499
453 40502
454 40503
455 40510
456 40511
457 40562
458 40563
459 40564
460 40565
461 40566
462 40567
463 40572
464 40573
465 40574
466 40575
467 40694
468 40695
469 40698
470 40699
471 40702
472 40703
473 40958
474 40959
475 41950
476 41951
477 41952
478 41953
479 41954
480 41955
481 41958
482 41959
483 41964
484 41965
485 41966
486 41967
487 41982
488 41983
489 42047
490 42096
491 42097
492 42099
493 42100
494 42101
495 42103
496 42108
497 42109
498 42111
499 42218
500 42219
501 42220
502 42221
503 42222
504 42223
505 42232
506 42233
507 42234
508 42235
509 42238
510 42239
511 42412
512 42413
513 42414
514 42415
515 42418
516 42419
517 42422
518 42423
519 42430
520 42431
521 42478
522 42479
523 42486
524 42487
525 42492
526 42493
527 42494
528 42495
529 43006
530 43007
531 43807
532 43814
533 43815
534 43821
535 43823
536 43839
537 43868
538 43869
539 43871
540 43878
541 43879
542 43884
543 43885
544 43887
545 43888
546 43889
547 43891
548 43892
549 43893
550 43894
551 43895
552 43900
553 43901
554 43903
555 43998
556 43999
557 44006
558 44007
559 44008
560 44009
561 44010
562 44011
563 44012
564 44013
565 44014
566 44015
567 44024
568 44025
569 44026
570 44027
571 44030
572 44031
573 44280
574 44281
575 44283
576 44287
577 44336
578 44337
579 44339
580 44340
581 44341
582 44342
583 44343
584 44348
585 44349
586 44351
587 44403
588 44404
589 44405
590 44406
591 44407
592 44412
593 44413
594 44415
595 44460
596 44461
597 44462
598 44463
599 44466
600 44467
601 44470
602 44471
603 44472
604 44473
605 44474
606 44475
607 44476
608 44477
609 44478
610 44479
611 44526
612 44527
613 44534
614 44535
615 44536
616 44537
617 44538
618 44539
619 44540
620 44541
621 44542
622 44543
623 44856
624 44857
625 44858
626 44859
627 44862
628 44863
629 44922
630 44923
631 44924
632 44925
633 44926
634 44927
635 45054
636 45055
637 48029
638 48031
639 48044
640 48045
641 48047
642 48048
643 48049
644 48051
645 48052
646 48053
647 48055
648 48060
649 48061
650 48063
651 48095
652 48108
653 48109
654 48111
655 48112
656 48113
657 48115
658 48116
659 48117
660 48119
661 48124
662 48125
663 48127
664 48560
665 48561
666 48563
667 48564
668 48565
669 48567
670 48572
671 48573
672 48575
673 48624
674 48625
675 48627
676 48628
677 48629
678 48631
679 48636
680 48637
681 48639
682 48689
683 48690
684 48691
685 48692
686 48693
687 48694
688 48695
689 48700
690 48701
691 48702
692 48703
693 48754
694 48755
695 48756
696 48757
697 48758
698 48759
699 48764
700 48765
701 48766
702 48767
703 48820
704 48821
705 48822
706 48823
707 48824
708 48825
709 48826
710 48827
711 48828
712 48829
713 48830
714 48831
715 48886
716 48887
717 48890
718 48891
719 48892
720 48893
721 48894
722 48895
723 49084
724 49085
725 49086
726 49087
727 49150
728 49151
729 58931
730 58935
731 58943
732 58995
733 58997
734 58999
735 59004
736 59005
737 59007
738 59063
739 59065
740 59066
741 59067
742 59069
743 59070
744 59071
745 59126
746 59127
747 59130
748 59131
749 59132
750 59133
751 59134
752 59135
753 59324
754 59325
755 59326
756 59327
757 59390
758 59391
759 61111
760 61112
761 61113
762 61115
763 61116
764 61117
765 61119
766 61175
767 61176
768 61177
769 61179
770 61180
771 61181
772 61183
773 61244
774 61245
775 61247
776 61308
777 61309
778 61311
779 61372
780 61373
781 61374
782 61375
783 61438
784 61439
785 65468
786 65469
787 65471
788 65535
789 111582
790 111583
791 111594
792 111595
793 111598
794 111599
795 111614
796 111615
797 111979
798 111980
799 111981
800 111982
801 111983
802 111988
803 111989
804 111990
805 111991
806 111998
807 111999
808 112110
809 112111
810 112118
811 112119
812 112122
813 112123
814 112126
815 112127
816 112638
817 112639
818 113631
819 113640
820 113641
821 113643
822 113647
823 113656
824 113657
825 113659
826 113663
827 113961
828 113963
829 113967
830 113969
831 113970
832 113971
833 113974
834 113975
835 113977
836 113978
837 113979
838 113982
839 113983
840 114029
841 114031
842 114034
843 114035
844 114036
845 114037
846 114038
847 114039
848 114040
849 114041
850 114042
851 114043
852 114044
853 114045
854 114046
855 114047
856 114159
857 114166
858 114167
859 114168
860 114169
861 114170
862 114171
863 114174
864 114175
865 114489
866 114490
867 114491
868 114494
869 114495
870 114554
871 114555
872 114556
873 114557
874 114558
875 114559
876 114686
877 114687
878 120383
879 120443
880 120444
881 120445
882 120447
883 120568
884 120569
885 120570
886 120571
887 120574
888 120575
889 120639
890 120699
891 120700
892 120701
893 120702
894 120703
895 120830
896 120831
897 122616
898 122617
899 122619
900 122623
901 122681
902 122682
903 122683
904 122686
905 122687
906 122746
907 122747
908 122748
909 122749
910 122750
911 122751
912 122878
913 122879
914 128831
915 128891
916 128892
917 128893
918 128895
919 128956
920 128957
921 128958
922 128959
923 129022
924 129023
925 131004
926 131005
927 131007
928 131071
929 259903
930 259963
931 259964
932 259965
933 259967
934 260094
935 260095
936 262143
937 375775
938 375776
939 375777
940 375779
941 375783
942 375791
943 375807
944 375841
945 375843
946 375847
947 375855
948 375871
949 375907
950 375909
951 375911
952 375917
953 375919
954 375932
955 375933
956 375934
957 375935
958 376039
959 376043
960 376047
961 376056
962 376057
963 376058
964 376059
965 376062
966 376063
967 376303
968 376310
969 376311
970 376318
971 376319
972 376830
973 376831
974 377983
975 378106
976 378107
977 378111
978 378358
979 378359
980 378366
981 378367
982 378878
983 378879
984 380275
985 380278
986 380279
987 380287
988 380406
989 380407
990 380410
991 380411
992 380415
993 380731
994 380735
995 380795
996 380796
997 380797
998 380798
999 380799
1000 380863
1001 380926
1002 380927
1003 384501
1004 384503
1005 384511
1006 384697
1007 384699
1008 384701
1009 384703
1010 384763
1011 384764
1012 384765
1013 384767
1014 384957
1015 384958
1016 384959
1017 385022
1018 385023
1019 393149
1020 393151
1021 393215
1022 425917
1023 425919
1024 425983
1025 452606
1026 452607
1027 454463
1028 454524
1029 454525
1030 454527
1031 454654
1032 454655
1033 458685
1034 458687
1035 458751
1036 522111
1037 522238
1038 522239
1039 524287
1040 1015743
1041 1015807
1042 1048575
1043 2097151
