0 0 0 0 0 0 0 0 
1 0 0 1 1 1 1 1 
3 0 1 1 2 2 2 2 
7 0 2 2 2 3 3 3 
15 0 3 3 3 3 4 4 
31 0 4 4 4 4 4 5 
63 0 5 5 5 5 5 5 
67 1 1 1 6 6 6 6 
68 1 1 1 1 7 7 7 
69 1 1 2 2 8 8 8 
71 1 2 2 6 9 9 9 
76 1 2 2 7 7 10 10 
77 1 2 3 8 8 11 11 
79 1 3 3 9 9 12 12 
92 1 3 3 10 10 10 13 
93 1 3 4 11 11 11 14 
95 1 4 4 12 12 12 15 
124 1 4 4 13 13 13 13 
125 1 4 5 14 14 14 14 
127 1 5 5 15 15 15 15 
198 2 2 2 2 16 16 16 
199 2 2 6 6 17 17 17 
202 2 2 7 8 8 18 18 
203 2 2 8 9 9 19 19 
206 2 3 8 8 16 20 20 
207 2 3 9 9 17 21 21 
216 2 2 10 10 10 10 22 
217 2 2 11 11 11 11 23 
218 2 3 10 11 18 18 24 
219 2 3 11 12 19 19 25 
222 2 4 11 11 20 20 26 
223 2 4 12 12 21 21 27 
248 2 3 13 13 22 22 22 
249 2 3 14 14 23 23 23 
250 2 4 13 14 24 24 24 
251 2 4 14 15 25 25 25 
254 2 5 14 14 26 26 26 
255 2 5 15 15 27 27 27 
462 3 3 16 16 16 28 28 
463 3 3 17 17 17 29 29 
470 3 3 18 18 20 20 30 
471 3 3 19 19 21 21 31 
478 3 4 20 20 20 28 32 
479 3 4 21 21 21 29 33 
498 3 3 22 24 24 24 24 
499 3 3 23 25 25 25 25 
502 3 4 24 24 26 30 30 
503 3 4 25 25 27 31 31 
510 3 5 26 26 26 32 32 
511 3 5 27 27 27 33 33 
990 4 4 28 28 28 28 34 
991 4 4 29 29 29 29 35 
1006 4 4 30 30 30 32 32 
1007 4 4 31 31 31 33 33 
1022 4 5 32 32 32 32 34 
1023 4 5 33 33 33 33 35 
2046 5 5 34 34 34 34 34 
2047 5 5 35 35 35 35 35 
2247 6 6 6 6 36 36 36 
2248 6 7 7 7 6 37 37 
2249 6 7 8 8 9 38 38 
2251 6 8 8 9 17 39 39 
2255 6 9 9 9 36 40 40 
2264 6 10 10 10 37 37 41 
2265 6 10 11 11 38 38 42 
2267 6 11 11 12 39 39 43 
2271 6 12 12 12 40 40 44 
2296 6 13 13 13 41 41 41 
2297 6 13 14 14 42 42 42 
2299 6 14 14 15 43 43 43 
2303 6 15 15 15 44 44 44 
2319 7 9 9 9 9 45 45 
2320 7 7 7 7 7 7 46 
2321 7 7 8 8 10 10 47 
2323 7 8 8 11 11 18 48 
2326 7 9 10 10 9 37 49 
2327 7 9 11 11 12 38 50 
2335 7 12 12 12 12 45 51 
2352 7 10 10 10 10 46 46 
2353 7 10 11 11 13 47 47 
2355 7 11 11 14 14 48 48 
2358 7 12 13 13 12 49 49 
2359 7 12 14 14 15 50 50 
2367 7 15 15 15 15 51 51 
2380 8 8 8 8 8 52 52 
2381 8 8 9 9 16 53 53 
2383 8 9 9 17 17 54 54 
2387 8 8 8 19 19 19 55 
2388 8 8 10 10 18 18 56 
2389 8 8 11 11 20 20 57 
2390 8 9 10 18 19 38 58 
2391 8 9 11 19 21 39 59 
2396 8 11 11 18 18 52 60 
2397 8 11 12 19 20 53 61 
2399 8 12 12 21 21 54 62 
2416 8 10 10 22 22 47 47 
2417 8 10 11 23 24 48 48 
2419 8 11 11 25 25 55 55 
2420 8 11 13 22 24 56 56 
2421 8 11 14 23 26 57 57 
2422 8 12 13 24 25 58 58 
2423 8 12 14 25 27 59 59 
2428 8 14 14 24 24 60 60 
2429 8 14 15 25 26 61 61 
2431 8 15 15 27 27 62 62 
2510 9 9 16 16 17 63 63 
2511 9 9 17 17 36 64 64 
2518 9 9 18 18 39 39 65 
2519 9 9 19 19 40 40 66 
2520 9 10 18 18 37 38 67 
2521 9 10 19 19 38 45 68 
2522 9 11 18 20 38 53 69 
2523 9 11 19 21 39 54 70 
2526 9 12 20 20 39 63 71 
2527 9 12 21 21 40 64 72 
2544 9 10 22 22 41 49 49 
2545 9 10 23 23 42 50 50 
2546 9 11 22 24 42 58 58 
2547 9 11 23 25 43 59 59 
2550 9 12 24 24 43 65 65 
2551 9 12 25 25 44 66 66 
2552 9 13 24 24 41 67 67 
2553 9 13 25 25 42 68 68 
2554 9 14 24 26 42 69 69 
2555 9 14 25 27 43 70 70 
2558 9 15 26 26 43 71 71 
2559 9 15 27 27 44 72 72 
2840 10 10 16 16 10 10 73 
2841 10 10 17 17 37 37 74 
2842 10 11 16 20 18 18 75 
2843 10 11 17 21 38 38 76 
2846 10 12 20 20 38 38 77 
2847 10 12 21 21 45 45 78 
2856 10 10 18 18 46 47 47 
2857 10 10 19 19 47 49 49 
2858 10 11 18 24 47 48 56 
2859 10 11 19 25 48 50 58 
2862 10 12 24 24 49 50 67 
2863 10 12 25 25 50 51 68 
2872 10 13 20 20 47 47 73 
2873 10 13 21 21 49 49 74 
2874 10 14 20 26 48 48 75 
2875 10 14 21 27 50 50 76 
2878 10 15 26 26 50 50 77 
2879 10 15 27 27 51 51 78 
2906 11 11 16 28 20 20 79 
2907 11 11 17 29 39 39 80 
2908 11 11 20 20 52 52 81 
2909 11 11 21 21 53 53 82 
2910 11 12 20 28 53 53 83 
2911 11 12 21 29 54 54 84 
2922 11 11 18 30 48 57 57 
2923 11 11 19 31 55 59 59 
2924 11 11 24 24 56 60 60 
2925 11 11 25 25 57 61 61 
2926 11 12 24 30 58 61 69 
2927 11 12 25 31 59 62 70 
2936 11 13 20 30 56 56 75 
2937 11 13 21 31 58 58 76 
2938 11 14 20 32 57 57 79 
2939 11 14 21 33 59 59 80 
2940 11 14 26 30 60 60 81 
2941 11 14 27 31 61 61 82 
2942 11 15 26 32 61 61 83 
2943 11 15 27 33 62 62 84 
3038 12 12 28 28 63 63 85 
3039 12 12 29 29 64 64 86 
3054 12 12 30 30 65 71 71 
3055 12 12 31 31 66 72 72 
3064 12 13 30 30 67 67 77 
3065 12 13 31 31 68 68 78 
3066 12 14 30 32 69 69 83 
3067 12 14 31 33 70 70 84 
3070 12 15 32 32 71 71 85 
3071 12 15 33 33 72 72 86 
3896 13 13 28 28 73 73 73 
3897 13 13 29 29 74 74 74 
3898 13 14 28 32 75 75 75 
3899 13 14 29 33 76 76 76 
3902 13 15 32 32 77 77 77 
3903 13 15 33 33 78 78 78 
3962 14 14 28 34 79 79 79 
3963 14 14 29 35 80 80 80 
3964 14 14 32 32 81 81 81 
3965 14 14 33 33 82 82 82 
3966 14 15 32 34 83 83 83 
3967 14 15 33 35 84 84 84 
4094 15 15 34 34 85 85 85 
4095 15 15 35 35 86 86 86 
6543 16 17 17 17 17 87 87 
6549 16 18 19 18 19 53 88 
6551 16 19 19 20 21 63 89 
6559 16 21 21 21 21 87 90 
6576 16 22 22 22 22 73 73 
6577 16 22 23 24 24 75 75 
6579 16 23 23 26 26 79 79 
6581 16 24 25 24 25 88 88 
6583 16 25 25 26 27 89 89 
6591 16 27 27 27 27 90 90 
6607 17 17 17 36 36 91 91 
6612 17 18 18 37 38 39 92 
6613 17 18 19 38 39 54 93 
6615 17 19 19 39 40 64 94 
6620 17 20 20 38 38 63 95 
6621 17 20 21 39 39 87 96 
6623 17 21 21 40 40 91 97 
6640 17 22 22 41 41 74 74 
6641 17 22 23 42 42 76 76 
6643 17 23 23 43 43 80 80 
6644 17 24 24 41 42 92 92 
6645 17 24 25 42 43 93 93 
6647 17 25 25 43 44 94 94 
6652 17 26 26 42 42 95 95 
6653 17 26 27 43 43 96 96 
6655 17 27 27 44 44 97 97 
6808 18 18 18 18 18 18 98 
6809 18 18 19 38 38 52 99 
6811 18 19 19 45 53 53 100 
6812 18 20 20 18 20 20 101 
6813 18 20 21 38 39 53 102 
6815 18 21 21 45 54 54 103 
6820 18 18 18 46 48 48 48 
6821 18 18 19 47 55 58 58 
6823 18 19 19 48 59 59 65 
6824 18 18 22 47 47 56 56 
6825 18 18 23 48 48 60 60 
6826 18 19 22 49 56 58 67 
6827 18 19 23 50 57 61 69 
6828 18 20 24 47 48 57 75 
6829 18 20 25 48 55 61 88 
6830 18 21 24 49 58 59 92 
6831 18 21 25 50 59 62 93 
6840 18 24 24 48 56 56 98 
6841 18 24 25 50 58 60 99 
6843 18 25 25 51 61 61 100 
6844 18 26 26 48 57 57 101 
6845 18 26 27 50 59 61 102 
6847 18 27 27 51 62 62 103 
6875 19 19 19 54 54 54 104 
6876 19 20 20 52 53 53 105 
6877 19 20 21 53 54 63 106 
6879 19 21 21 54 64 64 107 
6887 19 19 19 55 66 66 66 
6890 19 19 22 58 58 68 68 
6891 19 19 23 59 59 70 70 
6892 19 20 24 56 58 69 88 
6893 19 20 25 57 59 71 89 
6894 19 21 24 58 65 70 93 
6895 19 21 25 59 66 72 94 
6904 19 24 24 60 67 67 99 
6905 19 24 25 61 68 69 100 
6907 19 25 25 62 70 70 104 
6908 19 26 26 60 69 69 105 
6909 19 26 27 61 70 71 106 
6911 19 27 27 62 72 72 107 
7068 20 20 28 20 20 28 108 
7069 20 20 29 39 39 63 109 
7070 20 21 28 53 53 63 110 
7071 20 21 29 54 54 87 111 
7084 20 20 30 48 48 79 79 
7085 20 20 31 55 55 89 89 
7086 20 21 30 58 58 89 95 
7087 20 21 31 59 59 90 96 
7088 20 22 24 56 56 73 75 
7089 20 22 25 58 58 75 77 
7090 20 23 24 60 60 75 81 
7091 20 23 25 61 61 79 83 
7092 20 24 30 56 57 75 101 
7093 20 24 31 58 59 88 102 
7094 20 25 30 60 61 88 105 
7095 20 25 31 61 62 89 106 
7100 20 26 32 57 57 79 108 
7101 20 26 33 59 59 89 109 
7102 20 27 32 61 61 89 110 
7103 20 27 33 62 62 90 111 
7134 21 21 28 63 63 87 112 
7135 21 21 29 64 64 91 113 
7150 21 21 30 65 65 96 96 
7151 21 21 31 66 66 97 97 
7152 21 22 24 67 67 74 76 
7153 21 22 25 68 68 76 78 
7154 21 23 24 69 69 76 82 
7155 21 23 25 70 70 80 84 
7156 21 24 30 67 69 92 102 
7157 21 24 31 68 70 93 103 
7158 21 25 30 69 71 93 106 
7159 21 25 31 70 72 94 107 
7164 21 26 32 69 69 95 110 
7165 21 26 33 70 70 96 111 
7166 21 27 32 71 71 96 112 
7167 21 27 33 72 72 97 113 
7740 22 26 26 75 75 75 75 
7741 22 26 27 76 76 77 77 
7743 22 27 27 78 78 78 78 
7804 23 26 26 81 81 81 81 
7805 23 26 27 82 82 83 83 
7807 23 27 27 84 84 84 84 
7860 24 24 28 73 79 75 75 
7861 24 24 29 74 80 92 92 
7862 24 25 28 75 83 88 88 
7863 24 25 29 76 84 93 93 
7864 24 24 30 75 75 98 98 
7865 24 24 31 76 76 99 99 
7866 24 25 30 77 81 99 99 
7867 24 25 31 78 82 100 100 
7868 24 26 32 75 79 101 101 
7869 24 26 33 76 80 102 102 
7870 24 27 32 77 83 102 102 
7871 24 27 33 78 84 103 103 
7926 25 25 28 79 85 89 89 
7927 25 25 29 80 86 94 94 
7930 25 25 30 83 83 100 100 
7931 25 25 31 84 84 104 104 
7932 25 26 32 81 83 105 105 
7933 25 26 33 82 84 106 106 
7934 25 27 32 83 85 106 106 
7935 25 27 33 84 86 107 107 
8124 26 26 34 79 79 108 108 
8125 26 26 35 80 80 109 109 
8126 26 27 34 83 83 110 110 
8127 26 27 35 84 84 111 111 
8190 27 27 34 85 85 112 112 
8191 27 27 35 86 86 113 113 
15260 28 28 28 28 28 28 114 
15261 28 28 29 63 63 63 115 
15263 28 29 29 87 87 87 116 
15276 28 30 30 75 75 79 108 
15277 28 30 31 88 88 89 110 
15279 28 31 31 89 89 90 112 
15292 28 32 32 79 79 79 114 
15293 28 32 33 89 89 89 115 
15295 28 33 33 90 90 90 116 
15327 29 29 29 91 91 91 117 
15340 29 30 30 92 92 95 109 
15341 29 30 31 93 93 96 111 
15343 29 31 31 94 94 97 113 
15356 29 32 32 95 95 95 115 
15357 29 32 33 96 96 96 116 
15359 29 33 33 97 97 97 117 
15796 30 30 30 98 101 101 101 
15797 30 30 31 99 102 102 105 
15799 30 31 31 100 103 106 106 
15804 30 32 32 101 101 108 108 
15805 30 32 33 102 102 109 110 
15807 30 33 33 103 103 111 111 
15863 31 31 31 104 107 107 107 
15868 31 32 32 105 105 110 110 
15869 31 32 33 106 106 111 112 
15871 31 33 33 107 107 113 113 
16316 32 32 34 108 108 108 114 
16317 32 32 35 109 109 109 115 
16318 32 33 34 110 110 110 115 
16319 32 33 35 111 111 111 116 
16382 33 33 34 112 112 112 116 
16383 33 33 35 113 113 113 117 
32700 34 34 34 114 114 114 114 
32701 34 34 35 115 115 115 115 
32703 34 35 35 116 116 116 116 
32767 35 35 35 117 117 117 117 
39375 36 36 36 36 36 118 118 
39376 36 37 37 37 37 36 119 
39377 36 37 38 38 38 40 120 
39379 36 38 38 39 39 64 121 
39383 36 39 39 39 40 91 122 
39391 36 40 40 40 40 118 123 
39408 36 41 41 41 41 119 119 
39409 36 41 42 42 42 120 120 
39411 36 42 42 43 43 121 121 
39415 36 43 43 43 44 122 122 
39423 36 44 44 44 44 123 123 
39441 37 37 37 37 37 37 124 
39443 37 38 37 38 38 38 125 
39447 37 39 38 38 45 39 126 
39455 37 40 45 45 45 40 127 
39456 37 37 46 46 46 37 37 
39457 37 37 47 47 47 41 41 
39458 37 38 46 47 47 38 49 
39459 37 38 47 48 48 42 67 
39462 37 39 47 47 49 39 74 
39463 37 39 48 48 50 43 92 
39470 37 40 49 49 49 40 119 
39471 37 40 50 50 50 44 120 
39473 37 41 49 49 49 41 124 
39475 37 42 49 50 50 42 125 
39479 37 43 50 50 51 43 126 
39487 37 44 51 51 51 44 127 
39509 38 38 38 38 53 53 128 
39511 38 39 38 39 54 54 129 
39516 38 39 38 52 52 39 130 
39517 38 39 45 53 53 63 131 
39518 38 40 38 53 53 40 132 
39519 38 40 45 54 54 64 133 
39522 38 38 46 48 48 50 50 
39523 38 38 47 55 55 68 68 
39524 38 38 47 47 56 58 58 
39525 38 38 48 48 57 69 69 
39526 38 39 47 48 58 59 76 
39527 38 39 48 55 59 70 93 
39532 38 39 49 56 56 65 92 
39533 38 39 50 57 57 71 95 
39534 38 40 49 58 58 66 120 
39535 38 40 50 59 59 72 121 
39536 38 41 47 56 56 49 67 
39537 38 41 49 58 58 67 125 
39538 38 42 47 57 57 50 77 
39539 38 42 49 59 59 68 126 
39540 38 42 48 56 60 58 99 
39541 38 42 50 58 61 69 128 
39542 38 43 48 57 61 59 102 
39543 38 43 50 59 62 70 129 
39548 38 43 50 60 60 65 130 
39549 38 43 51 61 61 71 131 
39550 38 44 50 61 61 66 132 
39551 38 44 51 62 62 72 133 
39639 39 39 39 39 64 64 134 
39642 39 39 52 53 53 54 135 
39643 39 39 53 54 54 87 136 
39646 39 40 53 53 63 64 137 
39647 39 40 54 54 64 91 138 
39654 39 39 48 48 65 80 80 
39655 39 39 55 55 66 94 94 
39658 39 39 56 58 58 93 93 
39659 39 39 57 59 59 96 96 
39662 39 40 58 58 65 94 121 
39663 39 40 59 59 66 97 122 
39664 39 41 56 56 67 74 92 
39665 39 41 58 58 68 92 126 
39666 39 42 56 57 69 76 102 
39667 39 42 58 59 70 93 129 
39670 39 43 57 57 71 80 109 
39671 39 43 59 59 72 94 134 
39672 39 42 60 60 67 92 130 
39673 39 42 61 61 68 95 131 
39674 39 43 60 61 69 93 135 
39675 39 43 61 62 70 96 136 
39678 39 44 61 61 71 94 137 
39679 39 44 62 62 72 97 138 
39902 40 40 63 63 63 91 139 
39903 40 40 64 64 64 118 140 
39918 40 40 65 65 65 122 122 
39919 40 40 66 66 66 123 123 
39920 40 41 67 67 67 119 120 
39921 40 41 68 68 68 120 127 
39922 40 42 67 69 69 120 132 
39923 40 42 68 70 70 121 133 
39926 40 43 69 69 71 121 137 
39927 40 43 70 70 72 122 138 
39934 40 44 71 71 71 122 139 
39935 40 44 72 72 72 123 140 
40496 41 41 73 73 73 41 41 
40497 41 41 74 74 74 124 124 
40498 41 42 73 75 75 67 67 
40499 41 42 74 76 76 125 125 
40502 41 43 75 75 77 92 92 
40503 41 43 76 76 78 126 126 
40510 41 44 77 77 77 120 120 
40511 41 44 78 78 78 127 127 
40562 42 42 73 79 79 77 77 
40563 42 42 74 80 80 126 126 
40564 42 42 75 75 81 99 99 
40565 42 42 76 76 82 128 128 
40566 42 43 75 79 83 102 102 
40567 42 43 76 80 84 129 129 
40572 42 43 77 81 81 130 130 
40573 42 43 78 82 82 131 131 
40574 42 44 77 83 83 132 132 
40575 42 44 78 84 84 133 133 
40694 43 43 79 79 85 109 109 
40695 43 43 80 80 86 134 134 
40698 43 43 81 83 83 135 135 
40699 43 43 82 84 84 136 136 
40702 43 44 83 83 85 137 137 
40703 43 44 84 84 86 138 138 
40958 44 44 85 85 85 139 139 
40959 44 44 86 86 86 140 140 
41950 45 45 63 63 63 63 141 
41951 45 45 64 64 64 64 142 
41952 45 46 49 49 49 49 45 
41953 45 46 50 50 50 50 51 
41954 45 47 49 58 58 67 68 
41955 45 47 50 59 59 68 78 
41958 45 48 58 58 69 69 100 
41959 45 48 59 59 70 70 103 
41964 45 49 65 67 67 65 126 
41965 45 49 66 68 68 66 127 
41966 45 50 65 69 69 71 131 
41967 45 50 66 70 70 72 133 
41982 45 51 71 71 71 71 141 
41983 45 51 72 72 72 72 142 
42047 46 51 51 51 51 51 51 
42096 47 47 47 52 52 47 47 
42097 47 47 49 53 53 49 73 
42099 47 49 49 54 54 74 74 
42100 47 48 48 52 60 56 56 
42101 47 48 50 53 61 58 75 
42103 47 50 50 54 62 76 76 
42108 47 50 50 60 60 67 67 
42109 47 50 51 61 61 68 77 
42111 47 51 51 62 62 78 78 
42218 48 48 52 57 57 81 60 
42219 48 48 53 59 59 82 88 
42220 48 49 53 56 75 69 67 
42221 48 49 54 58 76 70 92 
42222 48 50 53 57 79 83 69 
42223 48 50 54 59 80 84 93 
42232 48 48 60 60 60 60 98 
42233 48 48 61 61 61 61 101 
42234 48 50 60 61 69 81 99 
42235 48 50 61 62 70 82 102 
42238 48 51 61 61 83 83 100 
42239 48 51 62 62 84 84 103 
42412 49 49 63 73 73 63 74 
42413 49 49 64 74 74 64 119 
42414 49 50 63 75 75 71 92 
42415 49 50 64 76 76 72 120 
42418 49 49 67 67 67 67 124 
42419 49 49 68 68 68 68 125 
42422 49 50 69 67 77 69 125 
42423 49 50 70 68 78 70 126 
42430 49 51 71 77 77 71 126 
42431 49 51 72 78 78 72 127 
42478 50 50 63 79 79 85 95 
42479 50 50 64 80 80 86 121 
42486 50 50 69 69 83 83 128 
42487 50 50 70 70 84 84 129 
42492 50 50 71 81 81 71 130 
42493 50 50 72 82 82 72 132 
42494 50 51 71 83 83 85 131 
42495 50 51 72 84 84 86 133 
43006 51 51 85 85 85 85 141 
43007 51 51 86 86 86 86 142 
43807 52 54 54 54 54 54 143 
43814 52 55 56 56 58 58 99 
43815 52 55 57 57 61 61 105 
43821 52 58 59 58 60 59 130 
43823 52 59 59 61 61 62 135 
43839 52 62 62 62 62 62 143 
43868 53 53 53 53 53 53 144 
43869 53 53 54 54 63 63 145 
43871 53 54 54 64 64 87 146 
43878 53 55 56 58 68 88 100 
43879 53 55 57 59 70 89 106 
43884 53 58 58 67 67 88 128 
43885 53 58 59 68 69 89 131 
43887 53 59 59 70 70 90 136 
43888 53 56 56 58 58 73 88 
43889 53 56 58 59 65 75 102 
43891 53 58 58 66 66 88 132 
43892 53 57 60 58 69 75 105 
43893 53 57 61 59 71 79 110 
43894 53 59 60 65 70 88 135 
43895 53 59 61 66 72 89 137 
43900 53 61 61 69 69 88 144 
43901 53 61 62 70 71 89 145 
43903 53 62 62 72 72 90 146 
43998 54 54 63 63 87 87 147 
43999 54 54 64 64 91 91 148 
44006 54 55 58 58 93 93 104 
44007 54 55 59 59 94 94 107 
44008 54 56 58 67 74 92 93 
44009 54 56 59 68 76 93 103 
44010 54 57 58 69 76 95 106 
44011 54 57 59 70 80 96 111 
44012 54 58 65 67 92 93 129 
44013 54 58 66 68 93 94 133 
44014 54 59 65 69 93 96 136 
44015 54 59 66 70 94 97 138 
44024 54 60 69 69 92 92 135 
44025 54 60 70 70 93 93 143 
44026 54 61 69 71 93 95 145 
44027 54 61 70 72 94 96 146 
44030 54 62 71 71 96 96 147 
44031 54 62 72 72 97 97 148 
44280 55 60 60 60 99 99 99 
44281 55 60 61 61 100 100 105 
44283 55 61 61 62 104 106 106 
44287 55 62 62 62 107 107 107 
44336 56 56 56 56 56 56 56 
44337 56 56 58 58 67 67 98 
44339 56 58 58 68 68 99 99 
44340 56 57 60 56 75 60 75 
44341 56 57 61 58 77 69 101 
44342 56 59 60 67 76 99 92 
44343 56 59 61 68 78 100 102 
44348 56 61 61 75 75 88 88 
44349 56 61 62 76 77 93 102 
44351 56 62 62 78 78 103 103 
44403 57 58 58 70 70 102 102 
44404 57 57 60 60 81 81 101 
44405 57 57 61 61 83 83 108 
44406 57 59 60 69 82 105 102 
44407 57 59 61 70 84 106 109 
44412 57 61 61 81 81 105 105 
44413 57 61 62 82 83 106 110 
44415 57 62 62 84 84 111 111 
44460 58 58 63 73 75 89 76 
44461 58 58 64 74 92 94 120 
44462 58 59 63 75 88 106 93 
44463 58 59 64 76 93 107 121 
44466 58 58 67 67 99 99 125 
44467 58 58 68 68 100 100 128 
44470 58 59 69 67 102 100 126 
44471 58 59 70 68 103 104 129 
44472 58 60 69 75 98 88 99 
44473 58 60 70 76 99 93 130 
44474 58 61 69 77 99 105 128 
44475 58 61 70 78 100 106 131 
44476 58 61 71 75 101 89 102 
44477 58 61 72 76 102 94 132 
44478 58 62 71 77 102 106 129 
44479 58 62 72 78 103 107 133 
44526 59 59 63 79 89 112 96 
44527 59 59 64 80 94 113 122 
44534 59 59 69 69 106 106 129 
44535 59 59 70 70 107 107 134 
44536 59 60 69 81 99 102 130 
44537 59 60 70 82 100 103 135 
44538 59 61 69 83 100 110 131 
44539 59 61 70 84 104 111 136 
44540 59 61 71 81 105 106 135 
44541 59 61 72 82 106 107 137 
44542 59 62 71 83 106 112 136 
44543 59 62 72 84 107 113 138 
44856 60 60 79 79 75 75 81 
44857 60 60 80 80 92 92 130 
44858 60 61 79 83 88 101 105 
44859 60 61 80 84 93 102 135 
44862 60 62 83 83 102 102 135 
44863 60 62 84 84 103 103 143 
44922 61 61 79 85 89 108 110 
44923 61 61 80 86 94 109 137 
44924 61 61 83 83 105 105 144 
44925 61 61 84 84 106 106 145 
44926 61 62 83 85 106 110 145 
44927 61 62 84 86 107 111 146 
45054 62 62 85 85 112 112 147 
45055 62 62 86 86 113 113 148 
48029 63 63 64 63 63 64 149 
48031 63 64 64 87 87 91 150 
48044 63 65 65 75 75 80 109 
48045 63 65 66 88 88 94 137 
48047 63 66 66 89 89 97 139 
48048 63 67 67 75 75 74 95 
48049 63 67 68 88 88 92 131 
48051 63 68 68 89 89 95 141 
48052 63 69 69 75 79 76 110 
48053 63 69 70 88 89 93 145 
48055 63 70 70 89 90 96 147 
48060 63 71 71 79 79 80 115 
48061 63 71 72 89 89 94 149 
48063 63 72 72 90 90 97 150 
48095 64 64 64 91 91 118 151 
48108 64 65 65 92 92 121 134 
48109 64 65 66 93 93 122 138 
48111 64 66 66 94 94 123 140 
48112 64 67 67 92 92 119 121 
48113 64 67 68 93 93 120 133 
48115 64 68 68 94 94 121 142 
48116 64 69 69 92 95 120 137 
48117 64 69 70 93 96 121 146 
48119 64 70 70 94 97 122 148 
48124 64 71 71 95 95 121 149 
48125 64 71 72 96 96 122 150 
48127 64 72 72 97 97 123 151 
48560 65 67 67 98 98 92 92 
48561 65 67 68 99 99 126 130 
48563 65 68 68 100 100 131 131 
48564 65 69 69 98 101 102 102 
48565 65 69 70 99 102 129 135 
48567 65 70 70 100 103 136 136 
48572 65 71 71 101 101 109 109 
48573 65 71 72 102 102 134 137 
48575 65 72 72 103 103 138 138 
48624 66 67 67 99 99 120 120 
48625 66 67 68 100 100 127 132 
48627 66 68 68 104 104 133 133 
48628 66 69 69 99 105 132 132 
48629 66 69 70 100 106 133 137 
48631 66 70 70 104 107 138 138 
48636 66 71 71 105 105 137 137 
48637 66 71 72 106 106 138 139 
48639 66 72 72 107 107 140 140 
48689 67 67 74 92 92 124 125 
48690 67 68 73 88 88 67 68 
48691 67 68 74 93 93 125 126 
48692 67 69 75 75 101 67 69 
48693 67 69 76 92 102 125 128 
48694 67 70 75 88 102 92 93 
48695 67 70 76 93 103 126 129 
48700 67 71 77 101 101 92 95 
48701 67 71 78 102 102 126 131 
48702 67 72 77 102 102 120 121 
48703 67 72 78 103 103 127 133 
48754 68 68 73 89 89 77 78 
48755 68 68 74 94 94 126 127 
48756 68 69 75 88 105 99 100 
48757 68 69 76 93 106 128 131 
48758 68 70 75 89 106 102 103 
48759 68 70 76 94 107 129 133 
48764 68 71 77 105 105 130 131 
48765 68 71 78 106 106 131 141 
48766 68 72 77 106 106 132 133 
48767 68 72 78 107 107 133 142 
48820 69 69 79 75 108 77 83 
48821 69 69 80 92 109 126 131 
48822 69 70 79 88 110 102 106 
48823 69 70 80 93 111 129 136 
48824 69 69 81 101 101 99 105 
48825 69 69 82 102 102 128 144 
48826 69 70 81 102 105 130 135 
48827 69 70 82 103 106 131 145 
48828 69 71 83 101 108 102 110 
48829 69 71 84 102 109 129 145 
48830 69 72 83 102 110 132 137 
48831 69 72 84 103 111 133 146 
48886 70 70 79 89 112 109 111 
48887 70 70 80 94 113 134 138 
48890 70 70 81 106 106 135 143 
48891 70 70 82 107 107 136 146 
48892 70 71 83 105 110 135 145 
48893 70 71 84 106 111 136 147 
48894 70 72 83 106 112 137 146 
48895 70 72 84 107 113 138 148 
49084 71 71 85 108 108 109 115 
49085 71 71 86 109 109 134 149 
49086 71 72 85 110 110 137 149 
49087 71 72 86 111 111 138 150 
49150 72 72 85 112 112 139 150 
49151 72 72 86 113 113 140 151 
58931 73 74 74 87 87 74 74 
58935 73 76 76 87 90 76 76 
58943 73 78 78 90 90 78 78 
58995 74 74 74 91 91 119 119 
58997 74 75 76 87 96 92 92 
58999 74 76 76 91 97 120 120 
59004 74 77 77 95 95 125 125 
59005 74 77 78 96 96 126 126 
59007 74 78 78 97 97 127 127 
59063 75 76 80 87 111 93 93 
59065 75 75 82 89 89 88 88 
59066 75 76 81 89 95 99 99 
59067 75 76 82 90 96 102 102 
59069 75 77 84 89 109 93 93 
59070 75 78 83 89 110 100 100 
59071 75 78 84 90 111 103 103 
59126 76 76 79 87 112 95 95 
59127 76 76 80 91 113 121 121 
59130 76 76 81 96 96 130 130 
59131 76 76 82 97 97 132 132 
59132 76 77 83 95 110 128 128 
59133 76 77 84 96 111 129 129 
59134 76 78 83 96 112 131 131 
59135 76 78 84 97 113 133 133 
59324 77 77 85 108 108 95 95 
59325 77 77 86 109 109 121 121 
59326 77 78 85 110 110 131 131 
59327 77 78 86 111 111 133 133 
59390 78 78 85 112 112 141 141 
59391 78 78 86 113 113 142 142 
61111 79 80 80 87 116 96 96 
61112 79 81 81 79 108 81 81 
61113 79 81 82 89 110 105 105 
61115 79 82 82 90 112 110 110 
61116 79 83 83 79 114 83 83 
61117 79 83 84 89 115 106 106 
61119 79 84 84 90 116 111 111 
61175 80 80 80 91 117 122 122 
61176 80 81 81 95 109 130 130 
61177 80 81 82 96 111 135 135 
61179 80 82 82 97 113 137 137 
61180 80 83 83 95 115 131 131 
61181 80 83 84 96 116 136 136 
61183 80 84 84 97 117 138 138 
61244 81 83 83 108 108 105 105 
61245 81 83 84 109 110 135 135 
61247 81 84 84 111 111 143 143 
61308 82 83 83 110 110 144 144 
61309 82 83 84 111 112 145 145 
61311 82 84 84 113 113 146 146 
61372 83 83 85 108 114 110 110 
61373 83 83 86 109 115 137 137 
61374 83 84 85 110 115 145 145 
61375 83 84 86 111 116 146 146 
61438 84 84 85 112 116 147 147 
61439 84 84 86 113 117 148 148 
65468 85 85 85 114 114 115 115 
65469 85 85 86 115 115 149 149 
65471 85 86 86 116 116 150 150 
65535 86 86 86 117 117 151 151 
111582 87 87 87 87 87 87 152 
111583 87 87 91 91 91 91 153 
111594 87 88 92 93 92 93 136 
111595 87 88 93 94 93 94 146 
111598 87 89 93 93 95 96 147 
111599 87 89 94 94 96 97 150 
111614 87 90 96 96 96 96 152 
111615 87 90 97 97 97 97 153 
111979 88 88 92 94 92 94 132 
111980 88 88 88 88 98 100 100 
111981 88 88 93 93 99 104 135 
111982 88 89 88 89 101 106 106 
111983 88 89 93 94 102 107 137 
111988 88 88 99 99 99 99 128 
111989 88 88 100 100 100 100 144 
111990 88 89 99 100 102 105 131 
111991 88 89 100 104 103 106 145 
111998 88 90 102 106 102 106 136 
111999 88 90 103 107 103 107 146 
112110 89 89 89 89 108 112 112 
112111 89 89 94 94 109 113 139 
112118 89 89 100 100 110 110 141 
112119 89 89 104 104 111 111 147 
112122 89 89 105 106 105 106 145 
112123 89 89 106 107 106 107 149 
112126 89 90 106 106 110 112 147 
112127 89 90 107 107 111 113 150 
112638 90 90 112 112 112 112 152 
112639 90 90 113 113 113 113 153 
113631 91 91 91 91 118 118 154 
113640 91 92 92 92 119 120 122 
113641 91 92 93 93 120 121 138 
113643 91 93 93 94 121 122 148 
113647 91 94 94 94 122 123 151 
113656 91 95 95 95 120 120 139 
113657 91 95 96 96 121 121 150 
113659 91 96 96 97 122 122 153 
113663 91 97 97 97 123 123 154 
113961 92 92 92 92 124 126 126 
113963 92 93 92 93 125 129 129 
113967 92 94 93 93 126 133 134 
113969 92 92 99 99 125 125 130 
113970 92 93 98 99 92 99 93 
113971 92 93 99 100 126 128 135 
113974 92 94 99 99 120 130 121 
113975 92 94 100 100 127 131 137 
113977 92 95 102 102 125 126 131 
113978 92 96 101 102 92 102 96 
113979 92 96 102 103 126 129 136 
113982 92 97 102 102 120 132 122 
113983 92 97 103 103 127 133 138 
114029 93 93 93 93 128 136 136 
114031 93 94 93 94 129 138 138 
114034 93 93 98 100 102 102 103 
114035 93 93 99 104 129 129 143 
114036 93 93 99 99 130 130 129 
114037 93 93 100 100 131 131 145 
114038 93 94 99 100 132 135 133 
114039 93 94 100 104 133 136 146 
114040 93 95 101 105 99 102 106 
114041 93 95 102 106 128 129 145 
114042 93 96 101 106 102 109 111 
114043 93 96 102 107 129 134 146 
114044 93 96 102 105 130 135 136 
114045 93 96 103 106 131 136 147 
114046 93 97 102 106 132 137 138 
114047 93 97 103 107 133 138 148 
114159 94 94 94 94 134 140 140 
114166 94 94 100 100 137 137 142 
114167 94 94 104 104 138 138 148 
114168 94 95 105 105 130 132 137 
114169 94 95 106 106 131 133 149 
114170 94 96 105 106 135 137 146 
114171 94 96 106 107 136 138 150 
114174 94 97 106 106 137 139 148 
114175 94 97 107 107 138 140 151 
114489 95 95 109 109 126 126 141 
114490 95 96 108 110 102 102 112 
114491 95 96 109 111 129 129 147 
114494 95 97 110 110 132 132 139 
114495 95 97 111 111 133 133 150 
114554 96 96 108 112 109 109 116 
114555 96 96 109 113 134 134 150 
114556 96 96 110 110 135 135 147 
114557 96 96 111 111 136 136 152 
114558 96 97 110 112 137 137 150 
114559 96 97 111 113 138 138 153 
114686 97 97 112 112 139 139 153 
114687 97 97 113 113 140 140 154 
120383 98 103 103 103 103 103 103 
120443 99 102 102 107 121 121 135 
120444 99 102 102 105 128 128 130 
120445 99 102 103 106 129 131 135 
120447 99 103 103 107 133 133 143 
120568 100 101 105 105 100 105 105 
120569 100 101 106 106 103 110 110 
120570 100 102 105 106 131 135 144 
120571 100 102 106 107 133 137 145 
120574 100 103 106 106 141 145 145 
120575 100 103 107 107 142 146 146 
120639 101 103 111 111 103 111 111 
120699 102 102 109 113 121 122 137 
120700 102 102 110 110 128 131 131 
120701 102 102 111 111 129 136 136 
120702 102 103 110 112 131 136 145 
120703 102 103 111 113 133 138 146 
120830 103 103 112 112 141 147 147 
120831 103 103 113 113 142 148 148 
122616 104 105 105 105 135 135 135 
122617 104 105 106 106 143 145 145 
122619 104 106 106 107 146 146 147 
122623 104 107 107 107 148 148 148 
122681 105 105 109 109 130 131 131 
122682 105 106 108 110 105 106 110 
122683 105 106 109 111 135 136 145 
122686 105 107 110 110 135 137 137 
122687 105 107 111 111 143 146 146 
122746 106 106 108 112 110 111 115 
122747 106 106 109 113 137 138 149 
122748 106 106 110 110 144 145 145 
122749 106 106 111 111 145 147 147 
122750 106 107 110 112 145 146 149 
122751 106 107 111 113 146 148 150 
122878 107 107 112 112 147 150 150 
122879 107 107 113 113 148 151 151 
128831 108 111 111 116 111 111 116 
128891 109 109 109 117 122 122 139 
128892 109 110 110 115 131 131 141 
128893 109 110 111 116 136 136 147 
128895 109 111 111 117 138 138 150 
128956 110 110 112 114 110 110 112 
128957 110 110 113 115 137 137 139 
128958 110 111 112 115 145 145 147 
128959 110 111 113 116 146 146 150 
129022 111 111 112 116 147 147 152 
129023 111 111 113 117 148 148 153 
131004 112 112 112 114 115 115 116 
131005 112 112 113 115 149 149 150 
131007 112 113 113 116 150 150 153 
131071 113 113 113 117 151 151 154 
259903 114 116 116 116 116 116 116 
259963 115 115 115 117 139 139 139 
259964 115 115 115 115 141 141 141 
259965 115 115 116 116 147 147 147 
259967 115 116 116 117 150 150 150 
260094 116 116 116 116 152 152 152 
260095 116 116 117 117 153 153 153 
262143 117 117 117 117 154 154 154 
375775 118 118 118 118 118 118 155 
375776 118 119 119 119 119 119 118 
375777 118 119 120 120 120 120 123 
375779 118 120 120 121 121 121 140 
375783 118 121 121 121 122 122 151 
375791 118 122 122 122 122 123 154 
375807 118 123 123 123 123 123 155 
375841 119 119 124 124 124 124 119 
375843 119 120 124 125 125 125 120 
375847 119 121 125 125 126 126 121 
375855 119 122 126 126 126 127 122 
375871 119 123 127 127 127 127 123 
375907 120 120 124 126 126 126 127 
375909 120 120 125 125 128 128 132 
375911 120 121 125 126 129 129 133 
375917 120 121 126 128 128 131 137 
375919 120 122 126 129 129 133 138 
375932 120 122 120 130 130 130 122 
375933 120 122 127 131 131 131 139 
375934 120 123 120 132 132 132 123 
375935 120 123 127 133 133 133 140 
376039 121 121 126 126 134 134 142 
376043 121 121 128 129 129 136 146 
376047 121 122 129 129 134 138 148 
376056 121 121 130 130 130 130 134 
376057 121 121 131 131 131 131 149 
376058 121 122 130 132 135 135 138 
376059 121 122 131 133 136 136 150 
376062 121 123 132 132 137 137 140 
376063 121 123 133 133 138 138 151 
376303 122 122 134 134 134 140 151 
376310 122 122 135 135 137 137 148 
376311 122 122 136 136 138 138 153 
376318 122 123 137 137 137 139 151 
376319 122 123 138 138 138 140 154 
376830 123 123 139 139 139 139 154 
376831 123 123 140 140 140 140 155 
377983 124 127 127 127 127 127 127 
378106 125 126 130 126 130 130 130 
378107 125 126 131 127 132 132 131 
378111 125 127 133 127 133 133 133 
378358 126 126 135 130 131 131 135 
378359 126 126 136 132 133 133 136 
378366 126 127 137 131 131 141 137 
378367 126 127 138 133 133 142 138 
378878 127 127 139 141 141 141 139 
378879 127 127 140 142 142 142 140 
380275 128 128 128 132 132 132 144 
380278 128 129 130 130 129 135 135 
380279 128 129 131 132 133 137 145 
380287 128 133 133 133 133 146 146 
380406 129 129 135 130 136 136 143 
380407 129 129 136 132 138 138 146 
380410 129 131 135 131 135 145 145 
380411 129 131 136 133 137 146 147 
380415 129 133 138 133 138 148 148 
380731 130 131 134 133 135 135 137 
380735 130 133 138 133 143 143 138 
380795 131 131 134 142 137 137 149 
380796 131 132 137 131 144 144 137 
380797 131 132 138 133 145 145 139 
380798 131 133 137 141 145 145 149 
380799 131 133 138 142 146 146 150 
380863 132 133 140 133 146 146 140 
380926 133 133 139 141 147 147 150 
380927 133 133 140 142 148 148 151 
384501 134 135 136 135 136 146 146 
384503 134 136 136 137 138 148 150 
384511 134 138 138 138 138 151 151 
384697 135 135 136 135 135 144 136 
384699 135 136 136 143 145 145 147 
384701 135 137 138 135 137 145 138 
384703 135 138 138 143 146 146 148 
384763 136 136 136 146 146 146 152 
384764 136 137 137 144 145 145 146 
384765 136 137 138 145 146 147 150 
384767 136 138 138 146 148 148 153 
384957 137 137 140 137 137 149 140 
384958 137 138 139 145 145 149 148 
384959 137 138 140 146 146 150 151 
385022 138 138 139 147 147 150 153 
385023 138 138 140 148 148 151 154 
393149 139 139 140 149 149 149 151 
393151 139 140 140 150 150 150 154 
393215 140 140 140 151 151 151 155 
425917 141 141 142 149 149 149 149 
425919 141 142 142 150 150 150 150 
425983 142 142 142 151 151 151 151 
452606 143 143 147 147 147 147 147 
452607 143 143 148 148 148 148 148 
454463 144 146 146 146 146 146 146 
454524 145 145 145 145 145 145 145 
454525 145 145 146 146 147 147 149 
454527 145 146 146 148 148 150 150 
454654 146 146 147 147 150 150 152 
454655 146 146 148 148 151 151 153 
458685 147 147 148 149 149 150 150 
458687 147 148 148 150 150 153 153 
458751 148 148 148 151 151 154 154 
522111 149 150 150 151 150 150 151 
522238 150 150 150 150 152 152 153 
522239 150 150 151 151 153 153 154 
524287 151 151 151 151 154 154 155 
1015743 152 153 153 153 153 153 153 
1015807 153 153 153 154 154 154 154 
1048575 154 154 154 154 154 155 155 
2097151 155 155 155 155 155 155 155 
