762 973
205 983
823 861
825 969
514 881
49 326
271 766
800 873
761 837
71 705
244 722
182 895
881 957
274 737
207 705
208 577
0 724
137 451
177 949
46 941
485 914
317 559
282 599
402 670
461 499
560 966
41 854
542 941
171 391
37 683
684 978
590 948
455 823
255 662
666 825
368 693
643 878
69 555
49 529
197 630
61 941
346 827
288 764
35 720
61 68
593 641
244 809
61 926
784 796
105 830
950 990
143 548
168 966
313 519
366 810
744 871
139 960
479 814
823 973
139 1001
43 59
412 611
255 885
221 665
761 905
326 907
626 885
69 754
154 536
365 958
533 696
301 832
121 622
66 341
680 825
625 741
221 414
118 583
152 365
468 889
259 706
217 547
164 639
116 389
648 887
301 817
221 475
221 328
121 757
738 758
156 196
335 396
187 567
14 969
764 930
153 932
621 680
772 904
278 280
43 599
110 917
36 856
485 957
248 923
278 861
156 749
442 917
310 578
427 996
577 815
52 441
265 648
235 367
842 964
502 875
66 207
701 716
233 999
525 574
370 564
267 786
518 726
41 596
31 504
179 346
151 845
283 935
118 320
54 435
171 362
146 906
65 847
686 909
61 525
67 709
800 856
402 573
489 861
295 414
696 709
80 683
501 807
123 139
207 346
105 445
375 609
610 703
87 167
663 966
433 717
106 758
611 749
61 73
182 853
96 482
958 999
704 714
761 983
7 674
116 697
638 956
84 406
194 871
156 818
537 673
69 308
266 949
145 649
237 427
382 734
30 873
848 901
81 681
94 785
469 864
584 847
84 608
81 513
370 461
80 349
468 519
764 859
362 700
595 872
328 830
774 981
437 513
608 801
221 763
422 879
524 527
257 932
374 904
634 803
288 525
639 871
283 501
317 882
663 744
276 537
468 871
148 816
252 381
455 668
246 518
427 734
271 647
360 749
681 770
887 975
300 475
61 932
190 621
641 697
42 146
360 420
118 639
194 293
67 999
833 877
722 723
633 885
734 978
141 621
146 442
121 742
51 532
272 972
374 634
350 935
537 873
194 206
41 776
81 643
260 761
146 441
0 979
152 871
603 769
468 495
542 833
677 726
171 447
527 833
83 630
495 542
502 816
243 687
250 403
174 810
206 555
326 650
367 625
568 953
803 805
356 797
537 750
344 382
310 990
469 860
239 489
243 365
85 400
880 994
185 720
111 882
241 449
286 873
540 738
73 305
621 678
88 949
197 236
583 817
145 511
586 774
379 680
350 518
248 857
14 439
30 242
656 884
41 681
841 956
758 906
253 292
162 422
94 618
66 687
427 760
55 680
13 170
82 455
366 670
762 958
258 853
252 421
663 772
241 680
503 771
346 921
853 980
286 904
706 786
116 652
295 366
194 587
274 723
343 944
626 630
206 424
289 847
88 538
420 630
376 874
261 441
139 879
145 163
325 923
402 556
396 700
184 413
201 678
200 501
38 489
528 797
38 358
637 678
389 711
296 880
243 772
89 630
182 847
520 786
641 789
512 828
689 873
116 657
942 956
860 996
973 983
810 844
514 737
76 722
170 498
758 902
726 785
143 409
202 639
309 555
85 625
376 867
268 499
81 117
422 717
427 582
107 871
682 718
259 433
241 954
323 769
469 564
68 814
15 164
366 724
302 791
194 769
221 785
718 970
158 613
546 604
177 872
94 499
702 791
41 763
906 973
1 505
323 622
142 701
652 833
67 350
54 80
700 854
422 723
86 565
768 960
732 917
368 722
170 560
135 786
94 998
22 630
320 848
0 945
246 737
551 882
155 377
163 973
572 803
98 959
116 485
389 878
170 693
498 878
112 594
231 948
236 688
396 627
547 737
7 738
268 784
413 751
192 572
394 470
478 627
446 945
445 679
84 457
134 762
356 363
171 192
836 941
468 576
94 370
685 766
810 828
80 492
812 868
69 634
347 857
161 419
472 766
40 394
245 749
421 948
61 411
537 755
127 402
467 996
6 663
735 906
438 501
458 628
61 864
833 863
313 978
916 973
502 772
232 454
53 837
470 634
293 332
326 726
546 639
221 700
154 827
325 366
551 1002
403 882
291 459
350 476
285 826
468 755
521 577
388 862
165 225
83 317
257 548
178 794
81 364
387 403
548 906
396 807
50 990
48 52
143 893
145 856
173 670
550 809
286 833
94 366
31 433
577 824
720 921
848 993
512 759
917 973
809 959
630 764
161 760
26 370
917 978
40 537
201 699
351 871
47 637
358 677
525 687
369 381
404 622
381 893
227 479
735 747
271 880
375 479
193 670
146 771
141 904
315 567
51 363
432 451
459 735
35 454
277 435
227 283
275 999
757 879
148 702
54 358
123 789
222 293
177 924
159 286
512 877
871 944
339 558
290 531
567 664
167 254
639 683
439 979
366 853
290 360
661 949
504 740
454 678
220 454
201 856
442 520
796 874
874 880
537 622
442 565
860 885
48 966
167 678
556 949
441 691
755 988
182 996
572 921
766 780
835 911
828 998
88 512
19 120
381 593
98 332
343 924
43 389
63 96
442 558
349 429
641 786
315 542
13 387
532 760
742 760
680 771
51 519
116 447
582 873
50 497
145 953
106 328
720 911
331 625
492 825
366 586
221 923
143 784
488 674
133 833
0 274
170 761
834 944
441 559
97 811
830 948
469 533
387 422
172 652
572 763
377 917
611 893
346 764
53 187
723 905
898 901
94 757
542 700
682 861
51 451
220 232
180 420
380 746
242 608
760 958
826 996
208 786
67 759
194 668
711 716
366 697
413 674
297 405
774 824
85 763
516 948
187 824
152 204
341 956
145 1003
812 833
678 896
194 501
637 644
551 559
375 532
737 758
499 678
123 792
36 231
33 976
608 643
155 495
594 807
502 722
382 709
214 702
242 727
504 556
348 495
81 144
259 467
332 520
542 583
30 812
142 741
220 447
290 411
29 157
501 904
674 980
145 990
570 880
68 832
498 694
51 228
486 990
576 917
176 716
189 753
594 773
389 424
617 664
809 872
441 577
255 270
724 911
424 902
157 901
561 713
743 801
599 766
83 687
520 832
230 289
861 944
116 455
289 762
197 614
29 772
532 631
495 737
689 875
190 973
355 489
509 702
248 264
576 978
612 627
170 181
95 286
662 832
134 848
208 314
703 833
470 696
236 283
88 197
533 621
449 848
43 323
293 345
105 301
577 875
28 375
192 301
61 677
507 696
646 981
38 323
758 873
145 797
29 906
232 906
49 873
96 931
555 564
81 482
93 735
241 716
657 800
116 898
117 792
227 956
300 350
520 791
256 747
202 644
12 996
94 726
499 944
265 993
879 999
755 777
167 709
555 836
67 404
193 257
156 420
495 630
108 684
555 944
68 847
270 488
800 917
885 947
59 735
121 558
98 365
150 911
468 591
78 532
350 941
36 696
177 561
340 832
349 466
285 874
237 763
201 720
233 379
46 603
691 974
442 693
366 701
621 723
759 949
41 368
58 630
514 992
685 996
528 750
4 194
169 921
381 771
630 639
422 469
141 758
363 521
652 722
468 980
422 511
452 537
142 867
323 586
346 947
343 420
173 326
450 792
550 670
53 711
207 245
180 795
31 972
424 474
585 630
402 555
668 720
302 417
86 810
716 922
601 637
108 427
218 848
109 158
812 990
282 297
40 839
633 998
524 811
36 339
135 701
603 917
84 818
300 482
189 792
245 429
406 439
355 611
139 499
28 169
29 905
145 417
666 924
323 719
295 967
206 742
171 740
277 987
43 368
256 536
241 652
697 999
424 701
346 912
276 606
26 554
447 586
41 192
179 356
663 969
142 958
230 812
303 737
220 847
502 791
81 195
227 800
232 511
333 420
881 908
375 904
356 879
180 875
54 148
28 738
294 756
720 898
555 737
331 417
155 383
178 509
346 637
815 932
383 685
783 893
30 145
148 791
235 865
257 814
143 605
206 527
116 902
222 716
343 769
810 870
678 791
265 978
169 326
42 865
176 646
326 638
382 941
583 706
766 859
491 677
255 884
81 572
388 583
302 845
394 546
587 663
167 827
233 646
540 874
206 246
534 878
513 956
626 853
106 290
120 853
206 757
19 447
68 333
81 194
187 458
46 363
34 906
427 720
4 833
641 926
4 612
232 422
171 455
51 887
724 917
479 858
30 511
61 772
36 537
578 860
0 243
501 953
108 267
535 904
707 924
144 800
55 68
477 717
880 913
610 757
84 277
860 999
31 511
233 441
700 811
809 815
257 800
4 295
187 851
86 191
810 832
544 778
43 678
442 655
470 638
863 966
127 646
123 554
346 630
554 663
167 572
498 676
254 509
134 859
41 88
548 853
366 777
346 600
118 609
212 350
96 498
774 807
357 700
412 920
141 940
24 880
542 588
160 787
225 693
118 569
375 620
537 931
308 644
414 696
80 638
470 871
625 825
107 889
7 137
208 561
903 984
148 744
771 949
290 792
154 376
540 696
427 701
621 688
953 996
141 403
389 794
231 356
290 355
180 966
40 559
366 441
19 686
687 757
289 414
350 447
293 417
628 990
59 489
233 641
711 717
144 797
254 681
537 720
608 831
427 778
182 924
366 565
366 966
737 978
80 595
80 422
509 646
7 264
127 148
490 760
257 462
69 190
68 720
412 660
201 280
14 50
118 700
49 156
110 723
726 762
421 737
696 849
641 874
381 702
564 949
177 870
98 621
261 801
328 637
80 755
117 885
518 954
406 871
40 861
121 601
537 999
554 700
375 441
155 427
180 236
86 540
559 611
901 941
148 923
116 317
9 621
137 559
123 453
27 832
270 333
84 449
887 924
243 463
231 827
252 811
7 332
367 708
468 992
94 762
217 939
667 717
376 792
612 738
187 652
248 956
28 479
954 1001
310 453
346 511
748 860
86 553
45 818
4 515
467 594
807 948
595 775
358 673
242 441
291 761
171 726
43 449
577 956
763 789
122 598
30 308
468 881
595 946
170 816
616 973
492 973
138 385
428 479
518 586
254 445
368 663
107 941
459 880
7 362
50 702
737 845
677 845
14 479
7 19
418 716
69 278
405 737
939 999
647 767
195 753
225 638
475 791
190 789
113 228
21 36
599 732
278 900
455 572
118 231
364 413
737 941
184 295
177 925
145 532
63 242
70 809
143 881
206 405
154 655
291 389
19 376
98 302
376 447
594 833
445 599
339 689
88 515
620 663
772 914
327 648
808 832
749 859
90 803
258 301
180 777
161 368
98 357
470 562
420 468
741 911
36 499
806 882
185 875
611 985
248 726
784 874
225 301
377 498
335 859
116 708
79 178
184 998
674 755
225 478
630 966
678 749
355 572
520 713
579 999
366 473
40 90
373 807
204 561
343 941
80 594
374 637
394 639
177 544
8 41
26 966
51 616
244 971
856 973
544 599
29 633
40 129
212 730
466 792
652 693
595 762
86 173
350 707
293 324
233 608
84 366
470 610
277 532
113 139
241 533
254 931
164 931
82 594
277 810
127 285
59 332
276 996
108 542
98 246
366 996
27 381
41 343
83 89
45 515
293 385
20 722
469 966
187 937
551 583
612 943
0 15
40 422
69 914
389 956
255 857
80 550
123 168
102 540
142 831
255 809
458 855
27 470
657 721
739 882
171 661
152 498
469 834
89 289
259 681
187 706
363 861
305 857
0 473
709 719
639 964
85 652
906 960
227 666
737 972
689 754
320 366
501 784
365 445
151 791
94 877
283 815
576 727
207 345
363 594
554 613
261 394
663 925
83 816
373 437
116 156
4 663
31 703
864 881
743 810
0 973
259 988
297 353
164 687
19 290
595 917
562 732
563 644
858 866
693 758
377 763
289 544
858 918
231 245
948 999
560 926
554 974
628 799
266 374
46 628
83 716
187 767
351 441
31 562
666 953
315 974
30 422
88 816
167 545
143 708
289 481
171 576
210 906
320 515
273 301
394 647
10 812
663 748
387 993
96 455
595 761
186 320
66 857
561 966
109 941
219 853
831 874
15 587
85 176
784 881
317 801
396 874
414 505
297 595
472 525
60 469
362 870
29 455
542 737
206 369
509 561
769 875
657 700
45 445
600 893
320 847
601 766
420 525
302 709
84 105
375 717
15 255
463 544
469 577
507 586
299 665
285 302
572 577
932 983
365 723
141 528
80 431
259 857
746 855
294 805
89 832
45 865
156 231
95 801
501 725
263 286
54 300
139 631
323 965
582 599
489 656
377 774
121 777
282 525
161 469
848 867
172 893
80 746
677 789
661 904
136 315
59 134
278 685
237 697
721 871
159 532
747 875
703 909
320 491
109 578
86 282
678 964
40 601
622 996
589 827
451 685
493 874
201 550
4 990
518 828
287 389
571 601
778 887
154 729
489 586
525 816
259 595
169 240
608 737
555 817
269 699
244 441
278 634
365 936
489 542
885 924
156 999
478 998
441 841
159 1003
161 984
81 206
156 584
239 948
367 373
427 711
761 880
261 595
565 608
317 921
38 911
328 958
555 904
0 884
362 949
293 885
145 812
501 652
85 727
417 561
120 203
311 762
479 906
489 906
837 948
593 932
171 603
485 827
856 931
911 918
633 717
208 773
116 602
358 762
158 386
45 572
560 885
49 452
704 830
376 577
634 809
551 724
904 914
990 992
389 547
45 703
633 774
442 606
694 784
51 1003
293 867
14 841
196 365
501 726
197 702
67 258
826 1003
576 678
223 532
227 652
43 303
94 742
161 184
241 547
386 625
734 904
86 301
884 973
308 354
107 476
578 865
630 882
316 664
18 825
146 439
164 442
538 856
700 865
639 812
88 904
53 757
241 484
290 506
167 291
439 929
595 697
73 856
85 871
85 368
370 377
677 916
861 932
41 709
469 763
622 880
735 758
67 652
407 790
548 792
332 485
42 176
295 674
90 726
286 424
129 818
243 247
432 777
142 652
262 611
301 677
384 859
9 427
204 389
121 857
107 121
513 874
82 861
290 863
73 94
0 697
86 144
906 907
699 1003
85 96
69 354
177 815
281 483
317 733
66 875
427 668
373 693
356 616
82 341
86 816
412 770
381 693
94 293
459 525
169 611
159 246
771 859
14 554
719 763
476 633
836 996
498 885
15 469
370 439
187 559
121 374
160 670
40 908
231 861
169 990
182 904
19 873
118 349
557 621
145 712
327 595
323 332
0 217
28 807
50 561
134 245
564 792
95 301
289 766
824 911
647 792
486 716
277 861
290 779
346 427
918 956
19 706
538 896
289 557
812 953
65 468
299 680
445 967
90 639
562 673
320 778
221 943
735 956
237 582
805 929
366 772
244 1002
129 241
154 313
15 293
190 861
633 643
451 497
300 685
441 954
6 332
15 827
302 367
221 664
420 576
475 593
243 499
221 623
577 857
521 555
40 244
245 737
71 862
108 373
63 988
299 616
14 53
271 277
293 514
670 796
290 881
230 729
287 845
608 630
161 616
621 716
161 439
547 835
475 687
42 876
462 791
391 427
323 612
389 559
210 439
272 746
754 890
50 70
245 685
107 897
96 732
422 699
154 565
121 873
583 637
233 511
501 991
207 917
42 134
441 941
610 684
800 809
278 944
594 699
221 760
873 875
206 771
267 810
586 628
320 725
335 389
105 833
528 565
882 893
40 270
370 486
181 735
696 766
14 357
178 723
142 414
620 664
377 680
0 346
362 652
827 901
791 953
238 373
87 199
362 515
555 684
650 716
625 865
108 586
503 537
704 789
469 826
423 475
243 498
387 996
424 757
611 623
17 923
68 917
978 1002
812 905
86 120
366 879
107 872
482 547
170 595
687 726
685 848
323 402
323 447
394 726
476 882
233 454
834 949
171 206
281 794
662 838
276 983
67 366
182 810
511 701
171 883
293 572
0 197
107 327
508 766
299 625
237 445
142 562
108 774
197 859
146 424
276 452
805 1001
343 749
911 956
145 768
689 702
277 594
171 617
311 988
514 763
208 722
410 941
374 737
608 680
377 554
35 482
735 1003
519 594
242 630
706 729
170 494
80 706
702 764
80 523
772 812
31 427
237 889
458 814
449 537
555 634
123 550
28 182
49 738
954 975
231 532
175 323
661 920
233 648
427 473
289 548
482 856
154 763
296 414
350 362
230 297
689 761
148 485
233 402
452 497
878 956
463 940
141 724
799 906
616 721
759 857
246 537
121 363
135 193
612 803
516 858
35 906
175 453
468 638
445 843
501 967
98 587
546 769
41 637
95 524
504 639
404 926
970 996
634 918
737 922
332 807
30 981
225 1001
313 880
75 209
387 515
31 769
374 424
570 769
29 477
422 553
905 1001
468 476
95 832
565 930
441 956
156 167
716 779
622 757
169 655
116 792
366 646
139 145
582 875
853 971
941 958
577 763
200 391
732 998
450 591
812 826
616 888
576 923
200 881
310 747
196 302
498 707
112 182
524 685
211 514
511 880
70 990
469 551
73 519
450 735
0 8
278 833
45 289
94 479
854 861
333 978
177 570
643 931
531 631
4 29
852 882
779 812
343 827
85 422
603 888
156 417
791 980
80 293
274 477
245 775
490 932
453 966
86 537
27 46
14 869
800 855
783 786
169 356
295 974
142 169
145 207
154 349
155 182
243 678
442 595
286 657
662 697
953 999
289 974
127 861
797 906
885 923
164 655
154 641
123 362
349 800
554 841
41 633
538 853
455 816
655 856
637 844
403 586
278 978
142 355
310 830
499 879
28 885
174 874
704 998
142 491
572 627
757 807
495 996
223 442
566 701
501 841
289 479
550 857
172 835
11 104
550 945
145 377
14 233
333 881
54 476
566 594
228 865
187 514
458 515
169 366
255 643
80 343
435 926
333 770
232 791
301 370
121 537
182 593
621 786
231 377
145 374
222 320
629 999
835 874
445 973
370 929
470 931
86 498
45 539
148 290
42 362
201 555
241 309
116 724
587 782
116 548
420 959
80 975
122 421
777 999
699 953
53 427
362 871
527 685
112 914
108 666
290 353
394 547
86 572
664 973
394 427
208 865
572 885
374 809
446 498
94 981
489 655
201 771
800 853
489 521
445 830
331 630
582 765
188 786
528 717
274 691
684 1003
73 111
439 441
80 998
639 898
473 887
205 786
6 291
381 832
72 630
9 168
554 708
89 170
303 901
356 873
726 776
142 935
322 766
277 652
350 376
370 905
222 911
577 687
610 749
595 978
61 599
482 627
537 948
645 681
516 836
67 883
41 758
49 146
222 816
79 871
42 833
356 470
478 911
479 931
315 387
477 723
197 577
455 911
768 797
657 695
54 455
52 846
415 532
648 882
310 525
396 966
759 848
427 953
116 922
858 957
255 442
255 451
80 263
231 497
317 826
148 234
212 833
121 610
820 911
89 614
677 900
297 579
152 180
320 963
559 689
127 374
265 468
727 857
289 562
544 555
148 654
883 904
270 951
98 922
766 953
789 893
276 333
498 762
729 887
68 592
315 417
356 802
420 554
284 570
505 825
871 879
390 800
463 906
35 716
824 848
565 861
427 738
42 867
27 984
414 462
374 439
223 341
191 233
227 383
29 388
333 1001
345 974
857 988
90 546
544 993
401 843
441 762
89 399
294 611
622 678
170 753
67 603
713 973
362 847
595 709
469 884
432 533
290 663
108 874
323 637
978 1001
491 599
389 670
561 722
141 762
109 663
268 542
66 630
470 560
854 967
156 290
299 847
587 660
713 944
572 695
221 561
107 427
145 180
90 367
9 255
41 805
45 377
578 792
9 761
41 880
315 452
73 385
723 979
266 468
843 998
164 627
208 631
187 282
162 689
463 735
3 465
174 859
949 980
515 941
468 911
170 507
566 758
194 350
427 429
323 495
85 924
61 805
94 818
652 941
189 827
137 872
482 909
50 518
295 754
502 831
221 463
519 586
387 561
148 800
417 627
171 690
28 734
80 417
595 931
118 328
220 498
301 722
41 387
154 824
299 856
780 904
476 647
112 977
576 904
43 849
85 311
445 515
722 924
252 668
701 754
220 913
0 472
709 797
4 362
389 786
320 549
469 525
753 877
855 959
70 701
178 552
94 738
871 887
121 631
100 377
833 924
85 686
293 921
702 874
373 904
341 667
31 906
245 453
139 689
333 953
293 413
403 655
242 389
17 278
80 511
502 888
320 651
387 702
332 451
0 599
123 560
360 630
78 770
82 271
170 685
338 709
154 297
31 859
737 867
288 500
79 111
36 370
648 881
389 593
403 880
94 819
73 953
567 700
469 945
15 67
350 800
168 408
90 274
709 755
171 454
334 906
237 916
414 954
116 424
171 367
180 244
297 847
255 463
277 616
67 899
445 498
35 283
351 499
176 621
331 709
387 406
427 801
771 993
15 738
432 446
472 712
402 856
59 791
121 171
106 121
177 350
501 867
518 882
111 241
370 737
855 874
566 825
146 644
233 537
469 514
930 944
261 413
310 455
469 930
832 978
699 960
628 832
148 193
441 558
67 974
289 685
98 170
367 711
712 907
120 296
601 791
118 516
362 622
252 572
357 816
287 663
139 332
0 112
170 474
576 915
998 999
76 612
777 824
466 827
46 564
612 689
50 502
427 769
302 841
315 622
7 689
177 283
293 569
227 664
177 735
724 978
336 855
118 346
402 784
344 981
477 689
187 583
880 959
735 755
73 800
468 975
376 732
485 646
201 871
544 670
118 121
433 611
470 996
80 812
4 862
441 579
525 798
530 969
255 882
90 343
412 451
470 990
672 827
67 927
310 768
973 990
233 422
576 630
861 881
528 857
716 843
118 155
561 646
427 718
61 244
630 758
289 721
94 171
555 887
82 848
66 218
365 758
301 424
370 572
61 492
533 973
379 967
51 235
572 668
498 616
641 779
644 680
277 824
237 937
637 906
241 323
490 767
49 243
297 996
452 911
555 846
689 904
202 377
377 503
463 699
713 871
145 488
365 381
704 865
113 880
233 427
42 89
320 726
27 570
100 990
320 349
325 583
470 911
123 608
422 502
375 634
403 446
41 567
159 879
84 714
665 677
420 578
630 800
0 705
258 469
41 610
59 583
911 953
188 948
281 560
109 885
29 539
518 930
885 893
520 875
333 455
314 519
31 84
856 962
85 421
41 134
134 678
385 758
194 341
315 842
436 927
637 860
243 322
960 994
171 657
366 428
350 689
429 655
49 365
0 172
277 565
685 807
244 315
68 302
925 978
502 697
377 555
889 996
277 584
52 377
815 885
94 377
781 871
30 406
533 721
243 451
41 459
145 308
98 468
61 635
320 495
188 433
108 630
360 504
108 875
143 637
243 497
143 871
17 129
208 583
58 80
449 904
427 630
249 520
772 840
737 868
68 879
705 857
368 677
594 884
704 939
521 768
363 566
354 455
488 696
150 232
80 427
264 768
141 343
600 777
691 717
232 550
531 974
45 558
498 532
69 990
53 142
343 491
704 871
220 751
499 932
214 432
80 835
438 921
572 797
97 749
87 381
69 949
36 450
105 599
168 443
391 760
855 902
9 999
424 954
134 882
80 830
749 911
673 896
439 515
637 759
89 245
50 171
95 767
547 881
143 753
495 691
178 648
69 257
14 149
468 898
646 959
118 498
346 365
226 370
278 901
695 702
177 200
641 647
289 850
370 924
189 924
88 289
107 458
44 649
560 983
155 929
696 983
594 904
254 749
255 274
639 911
105 709
595 853
105 177
332 420
479 999
353 734
28 578
141 817
463 470
341 999
570 758
4 805
494 883
94 689
80 475
422 924
178 999
168 307
906 990
230 612
567 774
86 362
227 647
395 434
52 637
346 652
525 630
329 470
81 332
315 881
128 247
435 723
27 208
116 338
466 761
120 738
931 944
82 853
328 630
205 747
475 706
30 417
231 684
148 912
578 633
315 546
117 442
59 164
0 235
259 809
15 740
762 998
392 826
576 768
735 932
762 810
234 832
898 948
73 833
790 797
753 880
108 538
42 874
716 994
445 827
113 849
411 550
78 320
51 929
363 512
754 948
79 758
67 954
88 755
177 270
479 937
49 880
148 700
481 812
38 746
962 999
320 422
293 373
412 601
387 809
527 639
713 883
244 389
442 807
125 857
532 925
551 664
87 180
857 893
584 608
637 681
130 367
848 871
81 630
871 911
414 560
80 169
117 768
304 696
259 848
362 497
231 889
177 681
232 277
95 848
43 723
295 326
241 514
178 261
51 586
424 504
11 875
290 455
689 884
68 328
442 959
466 595
339 509
655 906
686 780
320 336
301 857
432 532
84 445
239 873
95 748
255 718
792 811
278 310
49 427
339 954
164 911
83 990
281 698
116 704
641 720
86 398
111 702
761 832
582 882
633 634
492 848
214 882
68 924
88 858
52 937
55 244
414 739
355 949
327 861
746 902
537 875
856 865
495 975
498 550
7 412
441 755
78 394
475 858
7 625
148 167
267 317
353 995
466 855
387 554
36 637
78 498
170 796
317 833
297 427
125 583
499 621
88 285
572 901
168 816
26 883
19 34
370 520
166 317
630 812
145 362
61 193
595 874
30 33
28 800
255 792
41 546
86 948
329 554
45 368
222 999
127 792
139 856
294 411
30 594
599 906
277 570
499 677
646 661
583 712
895 924
52 450
577 604
532 884
657 843
187 871
168 439
0 861
145 916
256 297
36 709
422 716
639 976
520 826
61 558
94 560
382 471
608 948
94 634
177 362
180 547
205 339
241 413
424 807
117 343
562 984
246 297
389 973
403 896
599 803
221 722
99 485
630 791
810 827
106 780
751 954
42 694
80 583
143 603
278 769
46 117
61 663
171 498
621 931
362 493
673 893
68 131
583 649
6 468
291 625
223 914
315 367
17 31
633 911
241 647
80 245
896 921
383 586
646 716
430 713
28 171
594 770
424 501
255 341
582 836
644 974
257 792
308 323
145 449
646 829
379 561
554 983
289 387
873 956
717 941
324 914
59 317
542 544
53 567
599 621
176 864
250 911
424 913
586 701
363 454
531 778
799 857
155 857
789 870
442 716
132 681
95 881
48 278
365 835
499 925
491 993
626 826
497 700
223 935
366 917
737 824
38 821
439 686
532 696
779 791
245 548
148 470
107 497
349 611
176 856
41 646
1 346
123 266
66 600
639 993
383 880
192 525
566 567
678 983
9 944
180 248
52 547
14 833
817 857
594 863
31 911
514 949
89 116
61 259
343 505
448 584
424 973
114 489
763 984
501 882
223 373
514 904
274 424
790 921
197 815
816 857
267 817
662 896
48 680
570 932
376 705
139 493
14 883
343 716
726 774
4 999
86 786
132 194
801 921
426 887
98 953
628 697
532 688
883 924
843 880
201 586
554 923
15 489
594 969
394 422
142 900
600 880
475 479
812 944
159 792
202 468
704 988
551 873
220 427
558 996
412 713
479 595
362 555
227 490
246 825
882 945
392 685
505 856
413 724
630 990
281 442
281 826
51 479
863 877
94 241
664 857
343 863
366 699
599 778
701 896
54 932
363 502
515 717
427 454
80 815
200 387
498 925
293 365
517 562
51 134
449 525
41 518
387 706
204 966
239 498
479 990
551 809
501 716
298 779
498 603
170 583
89 148
812 940
235 440
865 963
687 967
704 786
151 893
164 606
171 655
706 734
165 714
89 954
254 466
17 599
427 542
289 594
228 735
405 958
261 555
26 959
678 826
290 414
366 898
308 717
107 794
43 674
850 893
323 578
189 843
427 477
685 833
49 100
89 142
70 278
489 996
346 880
324 966
245 403
333 583
479 956
4 323
255 565
49 577
124 702
248 567
94 704
123 455
520 850
143 849
396 599
696 794
233 387
51 73
146 726
159 518
170 519
366 759
70 82
154 219
108 404
350 761
246 613
586 978
30 152
689 800
90 993
577 738
290 825
520 929
85 139
9 640
177 222
271 847
511 572
515 518
779 911
376 811
628 648
446 912
86 724
331 562
774 856
139 978
717 967
170 677
513 539
633 772
363 911
182 809
712 873
151 932
630 634
776 922
377 704
180 194
455 466
630 992
709 826
333 551
81 193
241 470
167 435
349 730
174 233
482 786
712 738
356 726
345 904
30 528
547 621
290 660
686 713
112 940
388 482
169 585
803 967
341 990
4 696
36 323
555 661
370 641
61 825
41 377
89 544
221 931
424 716
582 816
322 755
80 389
290 771
356 424
387 948
860 910
112 972
621 830
4 156
722 738
286 289
333 525
139 654
450 930
116 328
285 370
71 293
230 463
105 239
4 494
67 230
69 241
314 546
566 722
299 396
105 701
82 470
466 880
105 427
89 593
628 716
164 816
4 917
200 447
539 689
627 972
358 768
337 362
121 375
190 344
758 789
136 152
41 998
848 883
118 847
148 555
148 658
108 314
188 717
826 879
31 990
105 132
45 501
54 769
146 874
767 789
142 996
613 823
491 923
40 259
757 827
652 906
281 482
205 735
387 558
522 773
220 465
778 810
171 697
583 883
649 738
187 994
0 644
156 911
177 387
871 904
73 173
48 792
105 525
139 611
133 486
799 818
696 917
171 825
631 852
197 341
177 527
36 864
583 764
0 497
206 827
148 384
142 678
219 289
341 593
119 812
497 723
455 659
343 824
27 105
83 488
110 376
747 951
644 697
542 557
776 874
78 83
555 695
226 737
227 807
59 170
438 861
501 811
177 511
417 711
469 560
323 401
190 832
269 579
179 786
432 857
148 916
363 501
80 297
187 362
373 509
442 1002
477 872
19 546
388 702
61 774
233 529
207 630
917 999
498 849
501 951
451 973
688 754
204 550
657 758
262 932
332 509
79 801
326 780
476 956
295 993
847 940
262 376
382 973
252 532
235 559
639 673
171 871
470 672
245 495
455 845
221 975
161 998
723 944
393 833
59 971
33 499
123 817
178 716
180 192
479 703
162 197
714 803
116 917
267 655
375 540
323 696
83 833
160 582
634 812
570 879
738 966
29 424
161 827
515 883
630 810
41 954
332 555
482 582
167 657
31 343
110 810
43 476
511 917
468 833
469 861
289 537
90 476
702 877
875 966
193 442
471 958
145 598
505 570
170 956
107 180
569 856
389 954
723 924
626 800
223 557
121 973
630 974
142 923
171 565
290 637
366 827
427 889
432 548
680 907
290 555
412 789
62 326
391 856
447 622
233 412
414 433
19 654
267 499
502 663
394 469
141 891
661 686
109 230
350 563
499 887
243 259
283 595
118 436
412 535
178 832
760 924
827 871
171 857
271 816
239 456
118 667
156 236
422 584
555 975
397 815
0 297
277 428
786 800
123 332
259 365
196 289
578 845
323 370
641 910
233 882
121 184
272 906
914 948
223 663
362 952
603 649
352 768
299 475
221 915
365 996
501 561
116 235
46 170
881 926
553 560
40 227
55 537
332 794
726 756
221 320
88 898
428 815
414 629
69 73
244 754
619 796
289 433
323 455
331 396
87 485
88 980
389 712
476 810
186 586
526 572
35 786
301 535
483 833
90 391
810 826
537 633
769 917
373 585
387 826
54 98
117 924
15 156
170 546
118 600
226 544
558 735
230 315
68 469
505 689
264 424
48 712
230 660
48 265
81 518
501 525
902 999
56 757
245 366
755 958
274 720
299 913
366 703
38 349
28 780
677 999
88 544
86 332
320 911
255 266
542 622
334 762
261 805
67 208
466 717
221 685
362 948
497 816
197 477
343 349
118 326
443 966
315 663
86 560
49 696
129 393
735 778
924 978
586 827
116 586
207 365
442 670
807 810
49 537
644 906
532 828
381 978
235 463
241 477
139 579
735 960
116 972
677 922
127 824
169 664
178 424
0 278
154 708
346 576
515 879
281 533
108 811
473 997
0 63
125 735
105 357
761 879
737 873
106 687
283 684
168 509
54 228
376 670
174 576
15 857
180 220
762 884
656 737
117 646
435 702
0 81
54 470
592 595
107 293
151 387
388 521
343 837
14 603
80 928
803 973
137 578
145 257
301 845
853 911
137 474
13 441
261 816
589 705
577 762
374 696
286 1001
45 344
702 963
758 963
477 677
243 479
30 774
406 762
14 780
388 666
59 67
180 450
133 285
111 646
176 551
283 455
489 691
846 874
0 985
362 801
286 677
49 953
758 895
118 389
139 812
268 915
243 286
23 278
259 847
489 882
424 944
127 336
247 381
299 542
246 479
468 863
599 647
293 630
441 566
52 353
373 906
392 693
512 818
469 621
538 630
684 694
429 882
366 973
227 565
26 981
520 955
111 283
134 723
245 438
438 637
610 931
469 479
42 686
560 809
41 221
218 594
244 678
320 424
707 857
9 451
689 885
295 373
152 812
361 587
390 417
105 127
186 691
277 700
391 417
196 587
154 723
633 906
204 906
475 792
178 978
533 786
259 503
413 594
161 497
328 677
424 853
145 801
59 906
19 786
142 833
77 245
290 520
289 572
184 336
469 856
197 974
107 696
259 893
27 879
168 237
80 798
116 973
121 792
112 468
723 999
252 983
45 880
857 884
377 611
49 857
204 803
126 827
452 764
639 875
366 972
129 864
848 911
810 836
313 470
353 595
764 833
311 771
346 366
785 865
120 293
19 678
193 962
291 485
122 463
61 323
85 877
417 796
184 941
297 845
750 759
177 502
761 973
320 803
663 818
498 708
86 652
525 974
611 732
782 889
713 915
94 646
542 780
324 662
391 764
122 233
267 713
258 758
184 699
259 482
344 828
116 561
110 578
14 999
278 801
301 554
286 757
139 583
38 572
148 442
459 786
18 880
41 108
264 716
519 941
171 297
622 904
259 734
185 449
160 713
441 496
648 960
152 548
438 686
129 547
246 924
540 709
302 387
118 537
704 911
196 871
50 716
290 512
118 622
23 677
41 73
513 944
233 603
7 900
337 356
158 800
282 762
290 800
362 438
215 800
205 893
630 916
786 876
616 720
712 800
257 678
332 784
294 558
531 960
394 938
645 826
142 685
111 709
387 748
179 328
674 922
303 833
388 807
367 907
657 753
346 996
367 754
235 809
396 716
550 969
690 717
726 992
712 871
89 563
78 966
525 862
241 764
455 887
67 344
479 634
485 807
402 913
182 366
177 332
373 857
625 663
310 401
599 815
257 578
0 797
432 452
599 626
47 437
511 758
882 996
594 856
41 396
69 937
50 838
22 561
171 688
259 716
284 320
417 853
245 926
470 780
208 803
28 949
180 1001
180 848
880 906
82 255
874 896
315 574
63 413
99 158
365 978
121 123
106 599
235 944
241 895
322 632
428 966
237 439
320 697
84 285
246 289
452 520
141 749
257 904
773 825
70 154
112 726
246 818
337 582
171 536
583 998
709 860
489 800
469 772
146 758
376 424
212 1002
52 278
353 758
375 699
529 681
139 910
438 879
662 814
139 445
145 289
873 907
285 509
664 678
55 542
88 753
94 761
116 857
148 309
128 297
450 812
50 747
36 61
366 988
265 754
799 829
563 580
746 867
120 259
582 758
548 696
373 512
515 532
88 95
716 932
422 883
492 677
812 911
255 566
335 723
874 987
855 893
356 542
303 809
479 683
223 973
879 965
78 857
252 297
110 389
196 758
328 837
513 701
267 363
478 945
586 797
445 904
355 812
244 707
617 760
4 256
301 846
255 978
859 948
702 709
291 305
565 807
763 958
303 343
634 735
259 354
118 220
123 593
270 833
583 809
24 594
282 966
637 856
595 879
648 924
680 769
301 808
446 893
4 245
594 741
221 681
176 720
180 860
362 696
238 323
112 544
214 478
764 911
468 592
370 553
70 290
234 424
286 714
561 922
4 259
314 875
245 959
139 639
43 915
420 555
594 927
278 553
319 450
235 856
414 906
204 853
67 898
45 455
227 677
441 1001
80 164
95 288
46 106
550 993
197 921
228 498
259 873
30 723
207 626
362 522
41 241
366 969
865 932
80 432
171 906
608 973
953 973
150 717
245 420
52 917
491 769
514 800
241 529
95 303
41 874
584 924
491 622
205 599
290 350
362 663
0 187
67 362
40 362
36 560
470 954
118 188
35 220
550 685
107 527
137 904
293 923
419 864
301 583
621 807
830 909
496 873
193 594
466 468
255 833
110 770
30 317
4 772
689 789
235 706
15 365
439 584
447 871
527 637
649 726
73 712
449 968
470 749
377 476
485 498
441 622
0 786
14 299
293 939
6 241
88 680
512 554
586 633
310 537
96 291
441 999
349 865
449 893
129 761
41 515
417 906
52 361
537 801
807 864
221 370
450 879
67 647
70 314
13 922
437 999
628 822
160 833
41 887
194 848
41 45
299 801
174 412
310 853
365 809
290 757
85 428
540 856
276 278
56 180
61 612
158 848
14 537
669 857
154 998
685 956
648 917
278 952
45 599
116 132
427 818
610 664
277 960
302 713
737 832
111 621
299 643
97 678
515 584
50 827
69 474
39 498
59 898
381 599
554 605
452 832
259 962
178 366
422 659
190 652
317 905
23 168
289 639
849 861
85 972
167 807
519 999
9 412
31 398
112 221
281 882
713 724
264 772
323 529
376 911
208 913
549 881
107 583
221 983
377 561
222 565
179 630
81 330
94 911
262 292
80 766
498 953
282 785
404 592
154 678
210 452
119 375
686 956
301 374
871 954
88 178
243 413
865 899
951 957
606 887
197 347
159 287
769 862
77 139
195 689
42 498
554 712
4 791
503 777
439 973
812 848
201 333
468 865
169 577
532 932
532 537
315 614
60 1001
201 746
6 847
875 967
737 959
233 906
9 483
579 973
504 930
396 839
914 990
42 944
142 432
258 621
59 300
442 564
748 812
401 717
145 760
171 941
423 856
519 611
252 700
373 978
95 737
88 170
51 139
538 812
786 905
680 809
82 505
180 996
511 634
281 851
42 627
583 754
582 976
14 191
700 827
587 906
0 359
290 678
519 556
457 533
0 446
290 959
14 258
738 857
7 551
843 856
118 457
370 442
83 392
657 973
168 797
444 865
572 583
167 645
143 195
175 413
43 807
599 952
73 743
451 975
238 702
449 637
116 713
49 505
902 976
479 533
293 950
102 949
117 621
689 807
79 628
627 791
703 893
551 606
370 927
525 570
137 712
67 940
220 878
254 572
368 628
161 959
88 853
424 919
762 824
222 893
4 587
864 996
560 576
207 881
701 709
297 403
42 512
143 856
701 708
169 763
259 387
315 470
492 794
339 893
259 853
19 632
684 716
84 374
323 490
278 427
630 712
291 349
261 726
672 812
28 527
89 452
288 435
789 925
615 722
348 702
761 839
789 945
774 775
438 830
664 706
142 291
270 630
164 443
81 859
219 538
617 809
233 989
761 998
762 938
594 944
555 972
278 343
299 630
389 994
236 326
48 621
323 865
777 948
27 521
41 230
15 404
435 466
48 332
287 576
700 848
70 137
540 749
89 911
230 288
217 459
123 945
299 362
542 786
180 331
17 757
0 108
766 790
111 634
164 208
123 716
514 879
159 859
194 612
801 920
82 268
108 245
80 92
45 357
322 973
89 769
353 441
109 151
284 550
107 805
621 803
105 413
350 572
121 759
668 932
476 639
373 974
320 399
344 463
583 727
139 815
145 716
98 105
555 700
499 685
664 699
683 735
738 848
763 860
648 734
537 949
287 520
230 625
564 893
8 424
779 861
67 161
498 862
75 567
253 954
90 909
442 701
455 999
375 716
0 709
350 832
176 713
501 524
142 173
700 721
27 858
357 738
703 1002
317 552
68 803
317 722
100 159
246 800
555 812
547 948
413 524
154 721
315 818
240 786
753 794
88 353
882 1003
561 869
117 603
7 874
254 685
191 245
121 625
706 824
4 248
360 362
833 956
374 843
41 678
375 612
459 578
118 318
236 694
422 560
346 547
88 177
244 951
177 871
142 889
167 762
362 983
107 683
183 547
427 857
662 737
9 792
197 612
118 767
281 389
488 737
350 953
67 71
30 578
109 806
15 641
120 485
499 1001
584 656
59 379
80 301
220 243
73 978
293 400
427 634
170 576
88 455
761 858
561 969
76 148
73 911
860 878
310 447
252 476
547 663
639 906
51 702
167 871
267 832
144 713
152 317
43 637
554 973
476 742
264 422
116 468
36 723
364 498
14 154
716 744
30 643
195 475
80 194
768 875
41 884
289 996
603 857
366 737
205 860
208 548
893 990
161 223
95 828
721 875
236 911
146 754
449 450
389 537
833 857
192 231
300 871
175 233
441 742
555 746
50 532
770 990
668 881
231 941
722 751
49 812
333 737
50 856
44 145
241 281
169 375
123 706
61 626
639 931
547 637
207 768
767 911
221 600
31 917
290 567
116 958
61 783
203 358
906 911
898 956
167 766
4 329
712 847
358 643
427 610
871 951
135 164
548 678
441 666
270 366
365 637
468 988
7 637
232 712
453 906
594 990
123 452
119 716
511 967
142 258
85 293
180 855
704 844
702 803
381 607
30 993
81 424
800 870
187 498
96 874
190 594
258 678
308 439
442 849
85 459
264 323
134 413
328 639
740 966
807 827
191 412
297 323
737 857
301 952
145 375
297 442
65 485
274 974
220 786
738 807
230 875
176 559
634 706
7 502
332 709
177 235
449 772
139 953
348 365
877 879
94 245
51 466
290 839
122 732
264 391
659 850
243 433
206 441
421 856
437 839
119 447
14 377
301 599
261 451
343 538
301 987
455 839
193 362
491 735
271 445
637 951
579 847
374 489
69 639
105 246
20 637
141 630
108 627
15 94
544 888
583 702
180 720
30 786
785 880
67 561
290 311
796 1001
528 784
470 791
422 638
427 689
714 758
760 949
368 581
227 332
46 61
233 838
186 297
180 286
599 841
371 468
451 511
848 878
470 929
155 865
200 479
639 695
387 627
143 583
15 470
159 990
478 764
154 736
893 999
621 1003
723 759
51 910
377 895
283 973
441 495
245 499
738 959
116 399
39 565
90 737
367 732
880 983
921 960
180 463
142 251
572 860
84 661
71 723
498 697
859 911
148 648
601 711
148 828
741 807
595 677
311 363
0 107
220 646
108 463
532 847
558 758
9 689
45 628
560 712
431 757
73 610
230 262
297 721
107 320
626 641
239 768
164 792
161 973
184 771
176 868
53 639
860 950
30 747
686 833
162 622
177 757
26 826
243 532
239 737
104 983
164 683
255 704
791 996
139 678
501 697
712 768
107 628
294 626
612 771
762 959
197 680
79 753
325 485
479 895
48 932
151 220
601 956
277 566
148 350
177 809
412 646
233 265
14 255
605 663
48 109
65 904
504 594
492 880
208 967
255 626
243 880
53 54
82 532
953 1002
85 317
106 606
882 967
207 520
73 612
116 904
439 832
583 891
88 259
631 993
108 554
320 950
274 717
924 956
68 142
7 171
303 949
898 937
90 846
89 774
154 323
505 847
882 911
486 792
105 735
402 924
87 902
61 376
264 454
362 449
585 786
809 830
180 391
693 871
68 210
702 752
403 572
466 586
59 257
553 638
107 775
142 821
227 693
40 992
173 519
281 749
92 94
86 555
171 879
566 858
432 759
712 957
434 796
36 621
355 953
492 833
0 353
339 621
458 860
542 873
427 674
767 774
373 542
221 812
277 871
111 893
167 180
165 906
143 743
624 871
561 811
158 856
377 761
586 864
233 880
85 195
164 267
80 437
0 768
139 471
546 594
797 990
362 424
137 189
67 906
73 290
50 170
107 744
807 859
221 242
491 611
738 917
152 482
184 564
315 816
551 704
677 867
177 996
358 906
181 344
414 879
639 990
228 884
145 479
212 896
89 794
387 978
118 299
554 646
208 693
666 701
41 896
257 706
537 917
52 856
495 753
452 762
158 404
349 364
285 527
637 891
303 702
412 794
230 533
362 626
289 856
301 816
572 956
73 350
561 773
212 315
159 996
454 565
80 600
54 637
228 641
403 696
86 610
475 635
537 697
362 810
233 572
403 525
80 158
164 696
105 594
455 952
257 830
119 839
33 662
128 586
84 151
11 830
652 878
419 511
285 501
295 812
648 807
311 525
75 874
422 696
58 561
358 489
735 940
610 824
139 825
80 271
791 974
55 528
6 701
295 911
287 809
196 389
166 806
544 561
544 807
116 749
469 848
246 470
143 610
519 796
356 417
547 735
48 475
354 583
608 758
590 969
874 904
700 736
441 643
539 963
577 887
142 763
372 518
107 214
278 638
134 906
541 999
520 824
154 610
154 547
73 163
94 206
14 634
88 572
90 912
814 998
489 971
406 435
315 799
81 445
41 59
960 973
290 485
247 483
199 212
564 883
660 917
176 470
143 520
142 971
241 259
363 519
751 830
424 726
286 727
556 875
647 660
827 862
615 884
293 619
222 762
169 960
649 920
621 648
14 793
212 990
41 834
362 637
561 686
183 577
427 469
356 663
275 881
812 814
404 427
7 926
737 915
297 370
642 712
521 832
201 323
94 830
10 180
881 927
129 841
391 533
797 996
66 511
548 595
311 879
498 561
231 512
277 856
518 663
278 959
470 978
245 960
766 885
105 519
259 389
610 648
148 904
362 377
229 952
828 959
48 769
611 815
105 651
529 668
366 781
468 814
697 942
0 983
702 832
295 699
993 996
807 911
139 906
232 353
274 625
622 998
108 645
148 807
786 888
454 770
212 877
313 853
116 528
118 393
106 478
148 381
427 997
206 270
537 554
502 954
349 458
709 1001
397 748
38 339
186 708
194 941
771 922
881 899
586 766
370 626
48 924
255 441
697 825
53 993
27 455
116 686
193 438
847 856
296 580
255 422
145 978
169 879
69 873
403 766
166 959
67 973
4 170
441 769
118 799
68 220
107 750
422 914
346 377
132 938
51 70
519 809
502 737
94 452
117 289
278 370
411 501
178 469
427 587
759 999
84 792
118 570
86 377
67 290
807 953
293 953
353 780
381 795
501 612
343 428
771 881
449 466
245 882
19 829
62 816
670 901
30 542
4 807
28 973
479 709
489 768
339 595
227 567
593 956
241 780
190 617
826 853
86 830
52 833
110 809
84 259
511 780
561 779
277 988
50 498
82 612
358 459
0 178
233 255
518 647
85 886
118 697
572 745
197 880
187 365
738 833
1 700
0 184
116 785
61 943
0 406
27 116
203 848
511 909
248 479
67 501
941 978
504 586
283 857
424 463
232 241
511 737
123 221
59 414
800 874
492 611
514 888
159 320
181 860
328 699
243 793
560 627
475 807
958 974
599 630
626 627
243 619
283 838
768 884
116 366
422 649
470 882
474 828
212 300
403 819
233 366
301 772
388 967
427 948
293 735
158 622
48 137
652 803
848 960
594 889
807 838
14 214
195 621
810 839
80 207
41 323
197 554
84 206
137 762
118 511
396 983
726 924
60 93
726 882
89 353
107 755
154 882
921 950
40 462
708 761
370 871
830 882
42 313
190 998
608 825
332 853
48 969
22 707
41 881
82 993
231 959
367 435
41 717
53 73
344 884
479 881
235 721
686 947
278 958
592 696
208 826
95 151
344 469
315 468
463 661
722 960
339 780
107 689
366 920
165 268
500 514
463 883
567 734
587 786
370 499
112 422
809 833
406 608
119 195
677 838
23 308
116 439
38 291
53 847
317 491
327 463
27 49
424 762
118 825
141 755
247 550
557 856
31 577
382 583
365 917
4 350
194 221
119 760
94 325
366 785
86 194
255 961
723 839
422 515
406 726
180 451
468 900
479 872
69 222
107 800
489 812
81 931
310 469
252 857
299 882
233 875
450 807
386 457
424 681
365 885
14 881
362 729
19 797
239 907
29 429
178 681
547 867
289 533
420 847
142 563
799 805
45 904
389 578
417 788
41 391
243 714
17 717
424 648
297 527
576 977
792 988
207 850
15 485
550 996
639 999
193 478
158 241
595 822
716 906
501 794
118 248
239 417
174 945
94 406
44 441
314 792
4 603
826 994
36 608
360 422
135 220
38 343
570 925
239 874
118 933
246 686
382 768
83 864
518 637
311 333
245 825
637 659
619 643
88 829
141 208
117 227
155 532
766 911
261 693
701 865
664 999
135 320
158 374
375 881
177 529
51 967
14 678
88 727
389 410
572 757
186 766
452 546
233 311
330 332
145 601
389 502
376 677
67 525
117 178
441 593
454 956
362 706
538 655
7 98
156 789
31 763
162 964
236 906
129 881
11 141
407 630
749 858
232 786
14 43
377 432
117 873
158 881
753 833
683 809
437 655
723 873
478 599
586 627
429 547
223 313
554 961
333 726
148 180
0 123
68 376
80 792
33 158
95 117
466 812
184 313
168 746
414 431
40 408
937 974
454 780
599 677
146 232
491 960
738 864
924 944
118 612
504 665
438 596
197 319
308 666
96 871
67 648
261 832
44 163
293 376
349 911
785 1001
441 678
711 992
189 765
343 785
717 882
170 958
365 1002
188 424
303 789
567 886
241 776
476 714
116 127
355 678
833 845
476 754
375 383
95 740
368 996
145 907
7 465
350 949
389 720
723 911
36 954
687 818
341 904
177 685
479 920
373 472
511 638
542 655
308 492
159 881
501 896
171 836
182 639
467 630
282 654
12 697
112 290
81 221
17 754
171 253
612 769
551 894
52 634
283 927
646 652
292 789
89 394
421 892
277 577
148 759
193 537
13 270
619 627
323 389
233 468
424 767
384 702
218 870
455 791
90 551
505 603
557 999
116 501
105 759
40 637
366 861
425 856
646 724
427 646
964 987
82 792
84 583
100 271
548 674
703 740
424 576
148 941
800 985
366 561
123 471
482 849
265 353
376 439
315 941
107 170
32 726
84 893
723 758
423 427
238 904
678 794
762 793
13 142
543 856
48 376
703 857
856 871
146 242
207 537
450 595
738 932
220 255
277 461
116 244
481 871
566 999
167 366
141 293
512 678
33 663
164 576
255 758
876 882
370 525
303 565
424 427
520 701
4 377
152 245
228 968
520 915
148 377
424 489
216 651
827 924
242 342
346 865
368 786
514 880
208 953
182 297
220 978
4 786
356 446
0 570
159 245
360 1001
417 800
112 450
691 908
14 206
885 974
112 266
356 998
491 996
746 878
531 584
230 449
277 668
597 628
40 810
375 958
349 917
611 800
703 948
353 875
625 647
468 754
237 686
85 442
631 1001
333 839
54 880
45 155
700 723
86 966
0 845
217 696
275 565
572 949
72 278
73 956
286 303
69 377
747 944
774 778
178 980
182 858
396 584
231 621
197 726
551 615
362 647
922 972
208 780
264 859
261 333
442 860
336 498
48 167
164 564
540 726
344 904
297 861
61 915
231 586
82 244
164 350
243 700
627 872
301 768
499 855
572 875
19 236
700 812
706 792
577 828
177 459
702 887
414 538
42 532
340 727
259 666
476 861
362 513
212 595
285 717
631 962
607 973
42 924
171 791
347 582
389 942
498 704
38 832
242 422
700 993
221 956
159 655
315 990
105 917
723 929
221 594
80 761
41 468
794 853
190 720
246 857
656 889
41 665
158 984
565 786
595 774
29 492
454 686
801 812
452 809
197 394
94 356
18 61
81 944
206 277
320 389
145 277
148 779
246 896
261 442
206 954
94 999
118 981
69 802
817 832
547 639
187 818
42 295
298 929
639 925
427 967
86 904
204 637
9 774
148 171
182 583
451 835
501 696
450 970
293 503
150 700
80 146
317 931
875 960
30 683
98 438
565 800
491 720
69 469
505 881
105 300
190 708
639 952
470 896
114 738
36 169
874 920
85 999
584 749
161 478
21 856
123 681
529 803
735 968
432 583
278 774
167 501
50 458
134 689
880 883
274 542
221 258
381 720
881 949
6 999
310 555
572 621
9 373
463 800
38 664
613 857
587 780
423 966
112 567
144 941
622 689
346 959
735 807
524 833
603 716
657 770
297 807
89 376
69 841
38 315
684 959
394 871
358 362
197 856
346 697
235 293
659 900
498 929
374 874
498 758
403 975
30 639
156 173
4 270
6 677
81 358
200 537
638 812
38 878
800 993
222 346
809 896
629 776
792 799
621 628
346 739
293 757
291 696
94 879
503 726
637 768
353 389
112 537
315 995
376 897
142 222
42 511
222 633
89 990
255 766
193 454
289 684
544 554
383 772
2 980
896 922
277 379
902 924
9 978
737 847
735 830
116 714
180 999
809 881
681 939
507 760
864 926
171 639
663 996
177 621
374 583
443 491
422 969
59 999
180 474
218 688
627 995
524 610
441 783
480 738
792 1001
547 935
94 501
41 832
333 755
497 792
8 789
168 422
621 999
233 797
35 142
749 978
177 285
603 858
299 350
567 595
726 770
105 222
402 769
244 290
29 176
812 859
125 800
455 821
254 853
514 861
641 758
489 944
538 874
83 973
159 967
259 881
188 314
121 557
385 792
235 705
498 931
432 566
562 565
68 492
350 932
332 948
154 570
442 921
479 852
166 611
356 993
222 367
28 582
15 944
289 812
161 704
870 904
16 377
366 922
143 860
258 630
23 360
828 849
73 95
257 665
593 853
518 542
142 535
519 621
43 349
528 792
65 286
187 454
572 685
259 760
825 953
344 952
520 646
10 293
35 435
353 772
373 485
358 873
689 880
82 971
445 489
561 708
949 975
167 826
479 911
697 906
459 738
387 514
106 696
479 875
0 758
562 713
644 856
848 889
290 945
586 980
88 920
344 945
28 437
376 421
94 952
175 630
525 940
299 315
120 289
113 857
222 858
339 377
43 878
285 489
227 622
561 972
705 975
54 815
25 792
14 622
350 860
171 293
0 534
238 432
208 766
652 723
554 735
184 189
909 929
884 983
191 621
289 344
290 717
593 776
275 303
577 803
478 578
954 956
489 879
61 365
118 463
289 760
236 726
232 731
538 566
28 86
18 495
256 608
422 463
435 857
61 841
301 624
709 794
764 811
111 572
363 579
469 954
761 1001
179 244
262 478
228 683
906 932
15 700
346 420
15 768
915 963
825 911
84 769
61 178
51 966
800 803
351 632
555 853
498 538
119 575
550 992
432 856
190 735
137 726
46 158
911 948
362 399
45 246
422 441
446 555
311 862
230 344
182 421
847 905
289 701
88 899
470 621
439 577
271 705
479 809
49 159
148 498
764 814
357 404
599 915
68 116
131 441
747 847
459 637
303 476
343 703
38 222
864 874
463 498
412 700
177 825
634 711
181 301
43 139
194 893
559 904
617 917
873 906
649 807
38 689
439 582
459 555
470 930
391 978
291 572
281 628
197 734
167 421
370 539
350 576
117 689
293 387
141 746
223 255
532 885
206 491
343 915
188 678
158 463
48 713
449 809
595 871
278 906
664 825
565 859
387 896
87 568
727 811
31 232
241 292
608 726
69 105
57 953
274 370
567 747
86 167
394 973
66 115
264 356
417 430
266 927
86 960
746 924
362 638
582 904
377 753
368 501
69 86
377 547
590 848
737 864
302 627
297 761
949 965
812 873
170 861
377 874
700 862
172 966
160 180
36 832
165 999
68 145
709 827
544 783
468 671
38 109
195 468
73 432
916 978
341 468
501 670
270 639
914 949
98 267
41 784
469 899
161 975
82 686
101 639
469 746
105 245
116 726
243 921
73 469
271 621
358 953
629 786
594 660
770 858
317 700
726 799
137 255
717 917
107 339
45 467
525 794
67 245
537 726
49 627
180 261
255 344
137 470
69 490
61 685
482 774
599 1003
38 67
744 904
303 703
452 785
515 865
570 857
350 976
727 774
195 797
811 853
41 502
110 116
43 670
28 881
108 519
23 607
295 803
85 107
290 672
421 636
241 454
881 924
0 174
355 365
116 720
860 921
502 931
638 993
512 518
252 763
884 960
566 761
474 647
142 737
455 594
355 859
825 978
680 960
423 641
31 929
158 778
639 848
206 816
547 952
422 595
576 616
169 489
667 926
213 293
749 959
332 487
255 381
670 875
625 708
906 913
141 161
204 255
160 491
544 577
52 544
182 843
880 945
356 741
355 482
275 757
296 776
544 855
468 479
14 763
370 785
256 259
170 468
0 312
479 808
786 952
333 862
648 861
154 873
0 195
107 439
80 648
267 857
83 455
333 506
208 832
80 931
236 806
353 917
360 373
255 757
771 810
769 888
4 502
151 611
489 634
583 958
488 668
683 852
108 339
85 88
805 877
438 758
593 726
140 723
572 914
283 861
59 781
297 893
940 983
286 908
17 116
148 971
98 880
362 481
572 995
51 81
80 799
123 883
947 999
43 167
245 661
301 643
96 303
227 937
175 803
554 564
838 999
621 735
373 687
189 803
600 796
405 812
713 855
234 252
461 746
511 722
197 525
264 794
96 375
452 767
252 489
512 767
61 594
594 862
376 495
52 146
761 878
119 511
80 265
454 485
758 999
270 343
363 757
14 663
451 999
0 502
89 965
700 753
252 843
45 726
700 746
561 657
184 320
59 86
36 154
289 646
311 948
600 911
595 633
258 559
583 875
533 825
502 616
221 717
358 389
107 374
537 572
468 896
369 647
394 867
289 925
413 873
626 696
164 976
148 832
214 498
73 906
295 660
159 204
255 713
308 376
353 662
630 647
48 288
355 973
106 537
441 700
803 812
67 824
14 74
652 948
177 375
118 891
88 458
816 937
194 309
730 737
442 652
339 511
123 447
26 812
98 470
366 858
441 538
848 970
103 320
52 424
15 451
677 856
158 668
61 367
0 627
107 842
537 762
177 817
123 683
197 826
155 652
366 912
693 717
644 853
626 833
112 572
233 725
112 485
513 689
267 666
82 905
738 801
718 856
757 796
277 611
642 874
451 599
686 924
716 907
223 878
727 954
374 797
555 961
775 893
499 735
367 595
370 469
207 377
243 979
170 381
592 857
362 941
45 807
148 551
488 492
381 921
245 848
117 908
146 660
475 664
595 678
491 905
528 906
134 507
665 880
435 442
724 761
346 791
792 853
19 49
648 1002
630 917
48 69
515 774
232 501
46 69
43 137
512 704
661 864
107 353
167 349
35 833
116 512
423 632
396 727
5 322
42 553
373 740
652 935
663 678
323 659
411 696
207 967
249 396
930 973
17 156
142 403
274 856
734 766
518 969
31 1001
244 931
194 791
123 918
170 983
391 720
424 628
763 944
337 880
274 377
235 966
0 257
99 810
561 797
142 164
200 458
315 595
531 786
873 948
148 282
88 469
547 969
546 871
160 973
427 978
760 856
169 272
544 661
51 437
705 983
625 702
498 893
286 455
394 633
303 336
245 343
146 491
238 858
289 442
134 702
176 520
184 789
329 420
42 931
0 811
209 746
860 966
505 540
141 177
75 257
858 956
341 377
80 824
610 878
377 718
199 529
117 761
572 821
42 907
734 959
116 157
197 929
171 701
84 111
230 944
310 363
514 567
868 952
14 69
114 967
708 999
175 177
261 315
245 422
257 387
42 81
417 594
86 148
29 486
154 698
61 681
827 873
702 871
164 867
326 362
148 227
258 1002
693 726
333 561
58 86
827 959
233 801
424 464
206 784
111 320
31 625
375 443
282 417
381 482
310 630
379 447
343 483
495 775
661 815
566 959
768 959
30 177
376 835
327 479
112 119
106 527
343 501
489 811
293 366
343 734
289 756
726 904
272 763
518 925
577 836
780 953
336 735
30 505
207 704
118 205
107 595
367 689
45 748
40 389
28 768
525 603
377 875
14 90
681 716
502 594
576 810
137 803
73 680
223 295
847 969
360 709
551 957
118 388
424 952
51 489
50 514
422 772
53 792
40 727
88 639
524 865
107 720
221 789
634 709
137 452
463 732
621 974
293 557
176 561
879 885
716 973
717 885
248 758
291 505
387 746
98 796
297 711
225 511
137 515
631 706
30 356
274 367
531 861
207 458
15 507
713 811
11 880
0 707
813 974
95 139
180 706
116 293
489 532
904 968
243 514
300 789
113 848
315 901
255 554
927 973
439 611
180 498
243 616
6 801
118 809
245 917
233 701
638 786
670 941
139 341
824 970
451 825
36 986
737 833
295 479
322 353
366 498
524 713
174 826
832 873
414 832
403 633
77 116
786 999
161 824
49 591
479 762
290 466
439 628
341 953
95 871
175 689
367 450
293 742
0 366
112 358
118 282
532 679
14 520
542 576
230 814
227 389
485 932
121 889
577 880
178 945
614 966
48 561
291 468
343 664
41 298
611 909
142 871
405 427
109 362
36 271
38 873
88 704
164 701
375 786
118 734
551 668
266 699
33 749
41 566
452 542
14 376
128 871
289 963
672 875
184 768
58 921
168 367
407 531
478 584
774 973
366 949
159 628
258 303
383 932
154 583
170 541
84 377
853 916
832 896
41 370
297 723
583 988
344 853
202 870
51 969
356 792
61 228
599 886
904 952
148 233
98 701
148 608
13 833
259 896
389 850
428 518
86 127
135 233
18 160
450 898
749 831
89 558
228 429
15 610
107 116
545 714
31 435
320 622
255 827
164 165
853 981
270 932
311 403
365 911
111 938
295 713
177 754
706 803
286 723
685 689
112 168
556 583
231 969
424 727
750 860
797 870
201 551
167 724
221 779
738 760
184 706
638 978
412 965
661 874
241 920
366 468
79 226
257 973
626 875
38 727
538 944
175 555
323 673
737 786
145 800
542 594
537 792
42 49
155 515
452 973
109 704
437 878
41 170
252 450
668 770
49 703
142 874
212 755
572 734
363 475
362 932
277 599
188 350
154 931
302 749
148 1001
112 502
832 926
270 764
73 666
288 373
346 362
346 734
459 527
253 424
492 966
206 594
48 598
443 447
902 954
4 694
450 974
4 948
52 510
49 379
391 555
293 567
104 427
381 470
583 601
463 873
310 389
73 974
501 900
88 242
560 650
197 643
167 183
80 881
458 759
678 953
443 996
41 827
221 643
204 845
599 784
509 735
264 527
944 950
460 966
660 726
264 388
859 966
670 956
363 572
187 713
289 964
583 693
49 470
241 566
680 996
518 762
366 863
247 396
537 974
373 921
511 663
520 952
445 705
723 834
495 768
244 829
207 978
171 848
761 924
734 791
71 201
243 932
231 801
627 875
80 614
155 170
46 693
67 367
139 887
198 454
275 442
350 469
109 700
375 879
411 413
246 805
713 948
243 734
139 321
160 663
320 769
608 827
763 1003
551 906
210 577
488 627
257 567
137 323
791 902
4 450
281 948
204 713
53 501
14 923
690 825
817 956
94 825
116 560
546 611
78 376
82 939
678 756
367 603
197 904
634 873
270 544
514 764
161 396
639 733
377 998
193 994
468 901
190 824
445 856
652 856
363 841
570 999
232 373
379 738
634 993
431 784
241 709
193 555
738 826
619 709
681 975
470 630
562 797
561 952
222 373
643 827
191 219
14 403
469 678
407 871
389 646
118 512
109 367
73 917
498 693
117 786
678 869
226 966
143 927
278 875
267 544
245 374
19 182
722 882
746 913
19 370
326 646
882 888
82 847
291 925
14 301
23 857
468 533
630 836
743 856
626 978
148 849
563 693
283 599
485 826
317 468
678 845
797 978
51 410
155 422
366 678
432 439
255 990
40 754
326 333
374 626
677 721
187 422
255 290
293 657
470 551
455 716
54 176
193 911
349 758
475 527
241 412
169 689
36 204
7 812
442 926
233 839
721 722
290 560
974 992
561 760
128 816
206 324
83 501
611 710
535 789
40 406
684 799
90 593
452 969
86 880
15 749
689 713
424 885
374 513
470 786
239 871
109 755
14 366
51 621
848 914
139 755
780 812
427 800
476 494
190 864
181 631
270 702
599 929
159 470
757 990
424 920
283 776
647 882
223 310
54 463
0 828
193 463
209 489
387 537
582 832
484 874
79 301
326 973
239 786
241 847
723 996
362 874
833 937
113 542
234 663
123 329
245 266
575 625
116 786
242 450
118 252
171 489
716 856
314 652
142 424
81 803
488 941
660 834
484 722
686 726
143 236
547 968
784 848
51 610
233 320
235 875
538 560
842 949
289 716
233 300
29 528
53 489
89 284
137 566
252 468
91 700
485 587
556 858
797 803
4 233
30 279
84 147
865 904
197 926
278 303
295 468
779 906
424 439
180 582
188 232
277 357
283 497
360 967
73 566
41 547
652 840
176 422
51 595
388 847
242 812
41 412
313 572
73 326
154 230
325 479
317 607
664 883
639 899
332 816
4 468
178 572
118 633
134 634
4 212
172 948
69 442
800 885
218 741
40 86
54 127
46 200
208 833
15 289
42 895
49 758
513 1002
557 568
231 732
772 833
105 518
561 843
360 964
311 388
66 577
238 489
105 366
314 448
544 990
451 572
768 796
54 777
86 877
177 358
315 356
67 620
177 959
35 794
78 374
356 996
14 686
94 828
208 680
65 599
688 737
290 909
489 662
257 294
43 773
566 681
156 332
502 511
470 950
41 148
85 97
360 940
877 958
332 360
261 921
758 864
59 288
376 554
49 1001
427 651
299 885
468 864
94 872
148 356
738 779
489 565
696 769
146 180
639 660
293 969
94 914
222 608
300 980
973 1003
528 603
737 896
373 451
43 978
760 990
791 948
7 707
225 532
154 542
220 900
71 637
721 824
677 958
217 594
455 583
355 621
98 146
355 479
200 578
52 507
67 469
197 223
99 550
274 435
96 281
277 620
621 951
360 441
754 771
385 891
160 702
300 856
7 406
81 639
678 857
139 951
154 712
67 87
94 966
717 951
117 861
511 1001
82 726
325 452
233 960
885 940
320 702
469 878
547 853
300 794
289 832
84 375
67 861
348 641
539 906
499 693
45 121
634 804
48 315
301 362
315 921
267 701
728 827
495 527
226 904
696 875
233 843
60 948
142 389
252 427
264 481
151 577
164 857
252 717
525 762
911 917
241 377
41 850
19 42
578 757
373 664
561 879
116 945
274 789
696 732
200 278
716 769
368 874
368 934
532 712
391 1002
61 501
437 441
267 942
455 737
427 940
245 717
142 324
302 856
320 470
349 824
482 532
94 871
178 768
489 694
561 905
156 915
105 120
98 881
79 387
734 785
339 807
762 956
770 977
805 902
301 700
612 735
267 515
427 926
811 858
276 290
78 512
86 489
882 936
679 923
758 872
323 799
270 985
116 949
420 770
171 854
252 422
622 948
150 966
389 643
777 893
77 442
75 555
293 315
118 901
160 792
243 527
455 917
564 838
257 512
135 735
301 774
173 185
606 902
167 843
314 770
107 647
143 775
108 562
0 231
406 708
346 424
167 244
529 833
389 758
864 902
277 990
169 923
396 520
14 816
717 927
39 40
81 161
823 871
227 699
267 486
906 931
259 539
412 537
105 335
134 706
142 244
41 154
267 780
270 784
370 533
437 713
217 630
235 663
520 931
499 520
215 996
550 967
704 999
245 1002
323 830
293 792
257 948
413 833
139 664
391 701
743 978
484 973
253 689
365 681
81 320
41 825
511 537
105 176
406 577
245 881
38 957
310 652
53 758
680 762
79 833
94 346
155 350
243 611
134 736
117 832
139 394
828 937
698 815
291 432
42 276
402 685
290 527
185 561
432 737
738 883
449 555
764 999
53 495
358 884
9 567
262 427
73 803
85 143
361 827
637 709
541 628
81 700
509 757
626 948
113 288
275 973
475 734
145 197
265 614
27 704
498 637
28 630
904 950
252 978
363 611
43 943
197 959
495 696
660 742
519 685
363 887
599 830
232 666
442 768
68 639
542 856
27 875
577 993
377 381
164 926
194 320
519 525
730 847
90 825
123 468
21 114
281 996
440 893
276 449
331 655
708 737
333 381
427 576
470 542
630 941
537 996
772 877
639 758
469 799
537 880
502 973
883 898
243 801
291 442
365 801
52 704
112 745
468 578
537 865
94 257
634 860
33 335
303 455
502 716
19 921
857 974
152 555
281 282
171 593
483 626
139 608
532 879
127 841
416 812
107 539
176 293
502 789
768 786
255 385
295 956
73 702
443 639
278 470
180 441
178 270
56 762
83 771
255 858
561 792
80 159
369 595
526 693
166 873
7 906
81 786
71 816
120 532
339 438
157 525
315 594
219 646
244 668
221 412
259 370
71 80
387 411
55 595
66 270
85 755
356 389
116 161
409 824
182 941
212 948
4 187
174 295
85 547
429 791
299 932
346 543
349 556
264 872
94 141
43 717
158 468
192 424
792 817
209 978
6 203
189 566
402 978
812 855
471 832
532 824
291 479
442 494
644 713
442 739
373 941
422 882
69 515
227 758
30 354
89 699
831 881
146 812
374 389
306 762
643 655
169 330
209 555
52 959
797 1001
181 626
362 558
441 484
54 290
689 874
722 971
118 716
159 670
195 735
867 880
424 786
341 498
413 771
278 600
259 901
55 148
252 856
558 810
145 966
241 502
154 326
646 664
67 797
577 686
224 595
86 551
224 647
221 550
116 470
248 412
55 832
627 753
246 403
113 689
543 666
473 729
134 851
310 485
327 661
336 881
118 311
479 860
206 786
437 714
30 958
197 723
15 417
561 621
253 560
413 470
786 922
857 885
206 875
556 737
554 1003
222 595
158 277
432 726
315 378
376 882
11 882
30 134
643 791
228 764
15 949
258 315
61 315
625 800
299 560
317 634
513 670
233 442
0 48
509 771
377 723
627 641
301 621
639 792
469 504
454 550
220 952
468 880
792 902
628 906
295 469
176 941
339 812
451 703
239 421
56 142
376 893
442 881
135 691
243 857
136 547
70 846
299 639
704 713
75 758
0 246
245 930
343 755
709 861
105 960
387 989
212 648
362 470
90 954
566 637
572 941
88 381
242 478
595 816
544 712
76 375
320 328
0 593
611 838
70 257
233 425
515 766
114 869
678 885
843 862
233 699
187 262
177 257
572 904
657 791
612 872
301 786
226 502
291 882
148 611
50 931
555 799
476 542
118 911
332 562
317 786
31 932
592 611
498 914
346 550
711 753
763 779
424 616
98 525
559 738
135 245
233 683
626 832
169 825
532 737
859 1000
80 880
17 714
621 717
582 807
177 727
289 611
154 458
255 948
392 966
142 479
43 867
264 489
105 911
107 859
370 420
197 314
137 877
151 824
670 741
54 547
142 726
177 830
314 786
413 907
71 180
116 716
641 735
233 270
489 781
707 766
137 824
582 626
758 966
637 696
155 708
220 321
41 848
512 707
276 809
702 794
332 909
64 827
723 998
391 883
423 497
423 455
445 859
159 572
301 442
261 498
370 809
538 825
518 674
321 949
142 441
145 376
232 878
839 970
355 644
381 881
139 789
709 975
50 800
332 492
246 532
212 999
612 670
714 880
388 889
742 978
186 463
346 373
308 451
427 608
595 966
332 373
82 858
499 973
694 924
154 885
89 940
477 792
735 784
98 630
121 760
652 880
301 742
0 853
441 887
295 732
84 577
45 871
178 432
195 760
261 711
196 470
50 689
6 652
118 221
678 723
498 504
4 532
148 825
552 609
332 362
127 911
15 243
118 757
643 999
184 354
96 290
558 707
155 856
501 839
320 663
123 474
38 230
713 792
122 786
118 875
252 703
52 880
38 846
118 966
525 627
509 953
30 80
489 836
136 717
4 849
639 956
41 365
616 859
117 267
223 741
86 524
447 917
823 858
107 944
121 389
333 498
365 511
288 874
59 121
502 916
67 486
42 154
477 923
52 932
326 367
336 478
388 520
529 764
331 857
550 871
301 701
806 874
370 794
346 572
504 561
255 283
105 847
275 738
289 935
278 841
239 375
295 511
30 668
297 633
30 442
323 599
252 378
180 974
572 727
716 911
668 853
442 641
30 143
542 612
86 825
538 807
512 803
548 1002
223 498
716 840
109 155
80 723
630 996
48 424
505 724
14 702
511 816
193 382
14 42
267 639
424 532
207 255
80 758
62 689
356 410
593 652
607 716
389 413
223 360
164 542
180 645
524 792
164 537
583 622
403 468
333 749
42 696
107 567
107 194
142 374
670 685
283 445
323 709
363 644
663 867
221 924
837 956
79 704
173 254
833 846
646 960
392 948
145 680
4 769
220 857
948 954
599 633
694 951
361 527
595 969
243 875
476 506
414 758
454 499
85 461
828 848
145 875
386 544
274 857
171 403
161 953
576 647
81 225
6 322
230 599
370 726
164 641
422 587
27 738
576 1003
67 389
183 700
152 167
141 911
282 973
468 610
88 350
315 973
80 174
772 943
621 625
56 441
634 686
429 977
706 713
724 847
203 293
449 973
850 882
142 852
637 800
243 468
80 603
424 547
41 455
19 825
113 468
80 889
42 293
168 396
479 861
593 599
4 424
30 42
61 860
511 612
104 297
622 881
724 757
904 958
69 230
363 727
367 637
519 837
301 777
357 978
439 532
4 495
182 235
299 501
105 243
28 105
511 958
542 722
880 901
479 789
50 341
911 1001
383 980
207 800
107 276
441 860
83 507
554 639
879 948
379 774
333 853
583 915
95 723
81 712
7 427
477 576
36 81
127 366
71 343
135 527
88 185
160 966
54 89
780 874
555 893
245 993
146 582
422 789
208 256
83 281
303 684
389 992
715 874
443 541
495 966
663 858
29 713
262 973
326 909
98 707
369 716
328 468
193 963
381 992
638 760
436 749
838 861
40 848
81 112
245 413
84 780
159 809
469 949
206 770
301 502
167 376
41 299
393 858
328 702
94 107
689 738
653 854
4 40
181 861
412 634
595 786
109 361
292 678
192 346
412 681
112 561
611 886
142 207
56 924
193 978
722 846
73 993
112 438
55 377
469 877
164 255
614 949
794 902
42 106
7 43
317 432
869 954
168 622
61 966
685 738
94 812
23 999
36 278
376 713
189 900
119 450
447 865
282 871
567 639
595 760
343 638
966 983
555 877
60 170
406 792
291 833
441 835
809 956
791 879
85 675
794 921
43 61
59 630
43 86
662 716
349 463
142 289
501 881
479 797
38 695
15 717
278 349
159 833
247 684
532 859
921 962
144 539
931 983
670 832
469 847
266 862
366 967
141 442
381 486
36 362
599 969
702 946
495 723
315 655
167 204
53 213
846 871
151 600
389 791
85 95
15 577
289 918
245 885
785 791
86 209
586 832
117 801
810 931
84 572
525 809
511 982
664 768
235 442
412 621
61 738
315 664
290 603
70 655
518 956
441 695
344 441
692 857
859 904
119 574
595 758
90 345
81 171
48 155
36 142
286 721
0 162
737 800
105 110
435 678
442 949
142 353
245 252
106 555
806 956
244 420
341 555
0 35
293 586
392 621
80 747
111 941
616 901
310 442
458 865
357 831
33 800
387 766
535 584
411 809
134 206
479 649
310 893
175 683
610 662
86 152
767 768
212 958
193 769
80 829
358 812
786 914
537 555
181 817
420 466
508 932
491 800
44 663
646 853
435 732
67 718
611 738
389 812
484 904
564 958
158 700
389 950
518 983
320 368
54 498
223 805
70 726
677 990
207 880
49 561
432 469
678 751
189 208
221 716
160 627
169 171
48 177
706 812
374 952
611 697
182 293
355 737
148 492
162 594
470 758
491 501
858 924
394 593
30 566
148 927
861 977
111 628
85 239
90 716
190 712
437 529
695 969
177 513
387 763
80 322
310 346
59 168
357 875
267 638
107 349
167 350
233 289
707 722
194 281
336 350
84 838
