388 789
697 941
457 705
32 354
541 951
570 635
376 894
117 397
697 905
268 631
569 986
272 654
379 691
326 801
61 343
571 871
158 368
634 768
17 973
397 974
446 691
772 817
846 938
316 691
9 303
185 537
103 238
327 505
552 976
389 702
259 958
265 872
552 974
17 490
249 365
196 732
716 754
218 672
210 240
135 874
350 754
386 423
527 552
306 537
317 982
372 894
218 291
37 433
107 171
332 531
717 956
556 717
166 171
196 398
835 894
298 429
407 827
396 809
27 529
544 973
389 605
314 705
203 564
184 975
598 996
166 676
127 702
539 979
42 170
501 615
317 423
594 642
492 498
522 705
499 596
66 317
314 449
265 415
258 981
322 432
211 541
42 702
502 878
692 757
643 738
157 474
214 544
211 845
495 695
270 539
539 732
521 992
424 450
213 811
641 709
198 688
268 497
17 945
396 537
256 703
363 497
122 575
17 268
544 716
44 356
135 177
709 903
343 557
843 982
143 752
815 868
650 998
533 640
332 813
299 919
454 570
499 750
289 405
334 748
147 393
536 631
499 886
414 570
305 414
62 480
86 971
83 803
348 855
106 485
387 949
55 350
124 422
647 974
389 586
289 640
160 999
169 422
38 76
17 189
315 699
168 926
467 691
135 140
103 386
201 835
387 389
86 294
107 471
412 951
454 695
304 668
350 768
199 570
433 687
13 118
705 835
312 893
268 894
112 908
218 450
485 499
416 501
36 701
333 705
504 993
516 659
436 521
322 702
666 702
267 916
181 922
709 815
570 763
641 953
703 714
46 646
212 973
146 716
516 677
250 790
552 586
490 738
264 291
890 958
175 968
248 913
13 61
336 927
64 917
199 815
731 999
179 248
8 437
358 701
624 878
727 795
605 709
381 695
407 859
864 970
404 565
120 992
6 61
670 889
768 835
314 738
542 890
155 974
55 264
364 516
515 633
122 820
61 641
390 570
502 625
359 737
653 897
738 809
306 348
252 552
256 643
88 976
322 821
898 950
330 650
409 953
378 598
516 738
166 537
286 338
370 719
167 194
61 378
379 950
327 389
124 852
591 720
373 784
240 702
416 750
41 833
201 311
365 789
306 376
34 738
79 836
192 532
112 537
58 203
346 485
225 883
575 731
386 545
732 754
391 851
6 720
326 620
358 750
632 753
631 712
436 782
236 316
593 732
303 607
196 570
625 949
473 841
293 378
42 240
133 218
381 974
365 469
642 976
746 908
188 214
41 954
283 413
841 981
389 457
506 711
64 346
655 689
436 659
103 391
303 614
189 908
254 697
154 738
61 973
32 262
575 620
406 885
883 943
381 903
495 976
221 486
620 654
378 738
264 936
804 966
154 647
59 505
505 596
505 510
198 875
81 596
770 980
218 424
761 821
424 738
218 845
133 238
102 794
150 399
527 761
567 761
936 946
545 801
299 409
630 883
424 714
373 841
118 365
424 847
62 301
118 305
62 487
122 314
298 409
521 542
289 903
160 432
384 869
910 974
269 375
218 390
563 979
747 835
6 815
240 396
102 746
552 918
886 936
529 905
342 533
199 894
148 322
308 670
194 537
485 703
537 701
214 381
177 864
301 481
240 752
624 770
33 814
81 701
375 490
451 872
268 903
118 527
659 731
61 81
189 953
513 712
732 974
503 943
889 965
415 718
752 941
376 432
882 956
372 495
317 587
189 495
558 714
147 972
851 883
594 974
102 353
495 809
571 993
600 712
226 946
394 557
219 462
83 86
649 936
350 556
81 88
744 751
659 801
743 779
166 646
63 66
146 845
243 684
315 943
194 221
440 567
93 982
129 135
703 731
166 641
31 152
57 184
346 357
497 620
843 936
42 716
138 254
281 772
533 934
29 508
438 823
225 784
267 834
17 88
47 491
594 897
640 930
274 835
42 430
191 213
19 430
174 510
376 570
198 661
83 476
497 894
218 372
273 859
112 717
297 990
218 753
449 634
737 876
194 588
64 174
714 953
350 513
350 886
505 747
640 699
754 849
422 677
317 478
46 773
154 170
450 979
596 952
424 717
327 539
36 189
556 586
81 380
174 381
490 750
708 750
59 533
140 158
61 953
104 452
188 528
350 945
267 322
567 950
33 448
733 855
490 818
790 951
401 408
8 643
779 824
398 434
608 836
498 600
767 954
172 999
167 467
390 945
376 539
33 265
138 291
103 382
62 861
225 322
289 509
777 821
106 174
687 973
154 556
42 672
872 880
450 544
122 919
590 874
409 702
32 90
370 471
469 712
72 758
268 539
695 936
424 953
382 889
291 429
402 685
218 750
136 804
170 414
203 236
248 555
189 240
439 564
314 720
556 954
114 778
17 505
97 849
600 970
640 712
158 428
6 649
315 552
452 993
104 468
274 291
425 567
685 847
376 768
51 367
176 520
382 714
570 738
737 889
750 976
738 750
142 372
326 938
383 820
432 620
36 131
129 770
181 563
88 732
457 522
261 366
136 946
966 979
376 505
112 652
809 945
978 979
274 364
642 833
430 952
893 936
17 122
240 343
343 974
605 714
307 742
143 416
341 772
166 631
106 629
541 943
173 382
315 649
330 397
307 576
314 731
86 330
384 414
463 634
207 341
42 571
265 894
360 819
61 496
297 891
154 191
36 327
750 818
532 797
366 501
391 751
857 915
268 558
702 864
605 647
608 633
341 591
552 973
945 946
58 132
303 687
313 740
555 755
214 649
124 264
117 720
118 567
432 755
527 768
13 556
240 708
349 416
317 932
303 464
398 433
505 536
601 677
240 513
684 761
117 350
499 510
81 834
324 474
381 558
247 602
154 271
590 808
600 936
98 994
437 487
436 758
738 947
13 416
539 953
647 953
6 753
409 992
375 843
3 490
240 930
99 537
37 46
272 314
396 556
348 835
396 708
584 707
586 916
171 343
122 527
59 869
350 522
379 738
308 825
51 424
510 943
170 780
237 966
181 818
563 902
629 677
237 494
620 743
530 815
454 537
376 600
530 695
389 454
273 349
42 868
633 709
46 295
732 750
345 952
541 968
714 830
119 668
424 586
133 396
586 654
343 495
69 103
107 712
552 558
324 421
649 672
226 592
142 451
522 633
11 764
333 392
738 859
240 755
141 732
446 817
63 604
268 750
749 834
709 974
102 688
54 423
70 766
396 449
343 643
81 784
539 631
522 716
179 640
672 894
833 866
549 997
386 537
13 984
605 695
6 976
124 571
590 648
93 785
479 509
148 600
587 639
315 695
343 753
408 779
307 343
288 588
157 722
709 738
216 587
8 274
628 704
191 653
38 359
140 696
17 451
396 530
544 649
6 596
631 732
289 291
137 993
707 731
449 499
21 45
527 777
387 821
386 789
509 751
58 226
681 696
23 793
93 974
539 746
226 881
458 905
54 486
36 454
22 591
449 490
496 809
42 88
532 709
410 530
1 94
6 495
367 831
957 981
341 524
350 358
777 801
305 999
497 772
88 974
682 916
158 872
539 926
8 214
565 820
451 527
193 648
495 640
372 497
397 732
48 840
489 879
702 835
753 946
154 414
564 642
572 727
96 909
199 995
414 936
833 958
558 834
350 397
114 770
708 784
309 467
381 714
82 112
158 943
196 529
94 281
201 634
346 364
212 742
540 975
648 991
808 872
433 640
181 458
138 619
511 923
11 315
117 240
3 57
41 386
457 537
813 858
8 695
479 711
262 509
13 421
649 979
165 695
714 943
60 99
469 532
109 475
231 897
268 761
429 536
160 365
842 859
198 457
191 284
85 158
8 809
109 124
593 691
784 907
536 705
328 930
580 974
522 903
156 714
387 457
171 732
705 716
8 701
93 873
820 919
357 698
81 994
635 983
654 716
415 999
148 925
296 566
148 205
343 953
134 333
196 731
201 327
221 897
168 867
103 485
41 555
521 913
384 413
588 934
605 671
513 809
396 604
250 262
343 549
414 877
446 880
48 391
166 530
88 539
343 954
859 956
720 815
782 871
41 154
203 809
430 437
171 181
51 960
350 376
73 171
490 945
341 596
328 645
738 815
189 314
95 272
117 716
140 565
450 809
499 997
64 989
38 858
813 872
479 795
147 454
556 754
619 649
136 867
654 689
268 522
495 754
61 979
508 614
466 864
240 596
297 738
117 414
64 449
136 720
196 599
358 999
398 715
61 784
768 1001
433 484
469 847
359 394
189 552
451 976
370 506
708 768
424 903
415 917
376 815
868 931
714 720
495 912
166 289
525 572
414 446
184 270
138 524
114 314
372 544
199 953
210 566
170 316
413 530
386 706
32 124
322 891
8 457
395 746
316 508
752 966
93 488
81 389
170 389
226 943
59 447
192 647
185 543
291 557
114 763
129 659
552 834
430 797
480 842
743 1001
342 603
564 634
218 690
762 872
407 578
427 900
622 981
291 387
688 952
201 717
365 653
449 530
570 720
364 428
333 649
749 809
289 717
218 976
36 105
6 201
598 797
559 966
62 857
129 350
314 416
85 604
625 900
201 647
647 716
185 950
166 903
477 790
647 743
380 817
264 708
42 389
428 643
201 557
243 356
420 996
489 865
9 865
379 570
164 869
90 575
188 813
117 405
469 930
166 958
752 984
194 356
172 333
39 715
555 621
701 835
422 531
181 809
698 967
45 237
118 384
162 509
12 517
513 709
364 652
68 653
216 458
66 986
672 716
79 236
253 691
1 809
815 945
312 642
402 871
196 919
531 908
768 943
409 709
695 973
451 714
13 44
222 634
379 536
189 709
81 845
8 708
516 732
282 449
258 383
233 649
61 117
85 388
350 763
315 458
672 797
732 847
544 602
409 712
515 594
614 704
142 705
350 717
218 772
107 291
532 649
714 809
383 691
396 753
165 819
314 556
705 992
358 497
36 405
114 716
635 763
834 946
85 744
790 854
184 766
381 797
42 945
587 940
212 840
247 281
539 763
368 515
499 961
314 532
103 654
109 993
501 868
360 854
828 874
392 501
37 565
133 499
643 936
291 619
1 395
698 740
259 401
42 414
697 922
537 558
89 196
269 506
277 411
901 993
471 817
291 365
647 714
695 753
93 998
308 449
82 398
73 796
414 530
118 709
423 925
655 780
596 696
618 670
92 185
106 990
143 521
556 641
772 838
13 708
137 420
42 558
24 471
499 753
273 990
540 968
288 989
314 716
11 199
525 565
818 936
200 348
452 655
196 837
36 530
631 633
102 114
93 984
358 903
294 383
211 951
648 895
86 457
708 974
185 457
6 732
423 800
906 972
51 495
325 581
705 717
88 99
412 867
199 596
550 674
89 850
537 643
647 701
835 1001
553 614
505 976
387 834
383 537
291 391
309 567
201 530
129 817
530 555
116 676
416 781
127 714
332 691
293 610
578 923
558 910
199 558
142 327
262 344
649 709
344 366
61 274
904 978
547 798
112 295
902 968
11 405
398 837
225 501
591 908
93 994
709 891
473 479
36 171
458 749
571 696
286 885
305 672
425 881
277 754
536 732
358 995
118 557
55 709
521 709
803 967
581 672
721 730
236 949
793 983
530 974
491 752
42 133
198 387
712 845
233 684
764 939
174 416
457 714
705 815
88 872
317 794
345 819
735 768
755 923
291 381
485 691
275 600
274 770
559 567
532 847
126 798
13 314
726 810
88 558
218 259
237 768
275 836
346 780
253 790
191 250
199 809
397 943
412 614
57 803
894 946
248 424
170 558
13 709
166 763
388 864
289 407
81 979
319 779
498 640
297 398
407 725
682 784
424 777
381 738
913 916
223 803
394 792
226 281
193 643
56 919
504 911
174 627
414 539
88 107
135 288
64 431
86 211
451 627
384 530
721 950
176 894
957 970
649 986
81 372
414 738
247 900
247 641
697 949
809 946
199 973
176 522
36 966
449 976
817 995
240 522
112 264
534 595
579 754
497 976
495 708
545 818
385 552
126 738
389 391
36 555
214 552
164 682
299 650
499 968
17 61
377 699
381 631
143 754
627 768
240 600
28 579
550 625
272 451
529 886
181 877
923 952
118 170
536 596
466 550
393 801
156 409
498 605
557 701
166 379
102 851
192 1001
142 881
666 717
66 558
641 946
81 214
676 757
62 712
754 792
237 620
85 451
654 889
282 704
114 936
358 424
412 934
618 926
537 815
238 950
16 33
218 240
122 539
570 716
552 749
360 398
396 454
384 466
268 714
166 501
89 649
497 633
409 495
376 946
229 509
291 390
641 831
192 831
48 691
432 437
396 570
466 900
631 886
732 763
396 605
513 738
614 894
840 966
61 575
88 522
291 835
498 878
383 392
466 708
810 846
214 449
158 862
391 900
497 738
190 720
643 755
558 704
148 555
117 738
221 567
202 801
702 768
536 750
364 846
214 330
768 809
584 785
599 650
132 213
523 732
333 814
631 647
61 449
245 781
118 409
102 104
345 458
454 469
189 221
185 497
45 507
301 538
424 557
600 859
582 952
271 696
88 451
485 815
701 973
181 699
635 886
708 862
985 998
371 393
443 970
702 916
37 411
8 379
712 720
773 854
285 482
214 537
515 544
333 722
450 586
757 996
505 720
295 726
335 842
648 926
209 976
121 703
12 223
314 402
451 979
133 166
23 185
17 709
392 773
63 903
132 408
248 432
416 714
415 423
342 812
294 409
372 720
352 761
120 734
134 360
252 414
201 731
37 251
381 552
256 761
311 836
717 831
603 988
124 964
389 714
350 835
122 457
85 411
199 390
381 622
631 640
37 816
88 748
189 809
289 619
297 881
633 716
158 750
731 946
450 701
485 671
272 539
258 994
74 426
109 234
703 811
127 557
39 365
281 521
194 429
857 881
66 952
89 645
106 341
537 953
135 390
451 763
492 504
41 535
539 570
941 981
289 797
750 949
390 758
183 985
499 647
44 365
723 836
268 732
8 599
405 803
510 872
587 922
576 659
114 350
54 772
594 886
88 133
114 118
87 798
359 820
247 672
742 993
141 890
349 537
524 550
428 976
497 820
651 712
142 569
530 803
99 451
389 792
132 833
240 267
777 843
376 813
235 344
61 738
137 950
127 619
432 446
529 685
731 785
109 781
411 503
192 865
13 466
107 189
397 717
42 953
107 333
376 716
809 852
42 166
457 556
1 289
746 936
454 935
381 527
623 836
879 976
306 691
684 886
631 717
343 708
834 943
827 893
720 979
714 768
201 330
498 768
6 450
186 999
15 676
148 646
88 642
61 291
657 754
267 994
31 566
523 911
189 768
649 837
268 387
159 854
408 900
146 872
845 947
522 695
192 527
170 513
218 330
837 931
467 643
677 874
105 544
751 908
46 99
221 473
780 974
505 716
505 943
983 990
273 738
197 458
156 468
575 961
753 876
495 720
714 910
679 821
78 895
46 66
170 314
174 968
557 596
843 908
199 709
403 572
170 396
42 943
369 819
107 754
107 390
265 503
315 325
2 407
259 603
289 647
432 854
522 953
365 683
61 381
341 527
189 997
678 891
509 979
333 668
742 869
174 722
274 890
449 708
573 670
118 530
210 521
19 372
89 189
188 966
722 994
341 402
66 116
697 877
456 655
117 396
61 640
586 958
484 865
64 974
451 575
424 510
42 509
61 457
734 891
37 941
250 398
158 704
556 570
45 452
200 275
260 705
205 545
284 677
469 557
268 495
226 350
58 318
433 499
199 780
708 868
563 1001
451 457
189 248
379 910
670 941
42 864
393 520
274 850
490 570
524 849
485 545
322 440
189 201
640 852
322 712
614 658
485 953
268 530
141 189
42 501
181 424
395 761
250 885
291 705
17 107
89 358
174 708
742 960
732 886
440 676
723 890
749 981
420 426
81 949
549 751
140 661
22 524
252 397
86 432
291 864
527 911
288 614
358 558
358 941
764 905
743 778
555 885
322 558
428 515
169 708
88 350
430 541
140 550
129 1000
886 910
732 738
695 720
575 621
173 801
112 343
166 695
42 457
272 711
13 771
532 633
696 881
396 995
676 951
146 424
569 867
322 364
340 528
502 954
344 556
31 846
672 695
685 720
171 649
691 847
252 906
539 661
414 586
323 413
62 647
118 672
510 851
484 575
350 389
903 936
322 704
118 619
335 620
31 605
274 530
575 869
61 573
305 897
315 350
172 225
127 390
701 705
506 912
539 753
76 840
653 952
426 539
120 703
49 851
131 755
835 905
795 949
136 740
66 809
424 809
755 868
556 753
603 951
118 1001
536 714
327 750
6 605
58 836
181 265
495 712
282 832
504 903
89 396
28 102
332 591
392 789
327 712
463 908
330 720
450 946
594 936
270 381
709 717
300 759
341 520
558 709
272 552
556 695
109 755
691 956
714 946
55 521
240 414
669 757
51 148
591 835
17 647
633 875
559 590
102 515
37 536
708 973
88 358
556 605
238 705
813 867
451 490
387 720
252 467
633 962
501 701
147 474
249 731
99 773
17 501
845 945
505 709
194 503
387 947
457 716
270 348
107 536
489 815
259 449
647 809
133 539
543 858
524 854
221 261
61 170
34 170
552 780
396 497
377 530
166 946
64 930
181 631
59 973
210 841
289 552
467 553
446 509
191 253
179 642
750 894
289 913
76 937
60 202
27 815
513 953
281 414
166 732
118 953
403 885
133 877
495 532
450 709
605 831
343 586
513 936
170 451
8 763
593 722
545 944
66 877
166 647
57 630
537 891
170 737
575 903
8 350
358 979
768 777
214 408
13 424
245 889
596 945
96 656
236 614
471 922
240 314
661 981
245 752
15 120
505 785
424 524
17 314
107 567
513 672
504 999
413 572
768 814
291 396
566 877
264 622
297 740
308 547
291 717
55 821
330 385
451 596
549 812
297 867
201 705
666 926
42 647
376 732
513 556
93 176
299 1001
9 733
709 753
99 264
59 291
350 903
137 549
958 995
268 731
264 396
371 738
392 639
565 582
265 385
99 973
499 747
118 556
30 44
330 520
485 712
569 976
129 849
221 366
127 497
382 387
652 952
264 449
408 646
360 629
350 761
528 743
513 945
323 933
701 732
268 274
575 732
67 333
290 642
886 922
90 569
317 797
36 631
64 88
578 859
282 322
424 539
563 947
573 866
225 813
450 953
393 743
17 390
232 851
451 731
100 931
520 748
539 834
268 817
516 558
206 833
600 975
372 712
306 763
245 919
364 989
753 815
99 958
98 392
38 922
655 793
698 978
265 910
322 949
196 995
324 868
70 959
544 995
729 793
497 695
240 738
136 485
659 943
291 633
864 938
317 428
836 857
378 730
569 929
386 450
13 201
119 269
133 717
479 498
1 825
136 570
953 997
217 536
595 660
510 603
39 386
635 757
772 863
827 982
99 468
383 685
671 793
88 705
134 364
533 773
221 489
274 327
131 495
864 910
530 732
247 899
536 903
372 532
510 732
37 196
226 667
202 754
262 770
268 604
570 758
458 839
63 725
42 64
422 986
106 815
705 720
778 785
387 596
475 826
205 509
85 155
205 754
38 723
36 816
301 729
854 920
846 947
277 341
201 509
16 824
485 620
702 959
316 693
396 510
814 952
322 641
397 919
88 738
318 747
511 532
131 938
333 878
720 885
358 451
17 395
226 389
23 499
381 649
367 495
42 619
370 844
133 740
572 819
575 936
235 622
380 732
605 655
288 404
132 590
264 475
274 997
464 850
556 720
662 995
618 744
596 705
102 428
33 945
358 386
370 422
553 953
88 894
537 716
86 907
781 871
226 792
657 835
82 605
501 649
201 709
327 457
89 693
953 976
158 781
133 387
44 265
510 837
527 732
558 596
314 750
166 649
82 277
614 714
121 370
27 714
780 950
628 847
479 751
16 670
17 170
118 749
836 936
201 524
55 390
513 717
499 716
390 831
199 649
8 76
570 712
61 879
492 794
274 672
240 754
720 749
450 954
561 605
150 451
547 899
199 702
501 879
17 539
370 427
107 643
281 743
633 649
171 454
64 109
556 815
498 946
449 973
75 877
537 570
326 544
120 973
879 913
755 813
451 649
709 750
10 516
289 705
459 793
642 770
33 497
300 871
158 511
185 214
613 862
1 393
485 570
11 413
83 689
199 330
314 994
702 817
314 943
107 114
238 810
98 572
556 600
238 241
59 705
717 834
335 492
338 820
289 414
480 631
32 732
218 714
523 761
22 635
61 954
665 851
405 812
61 133
23 147
978 1000
242 726
362 841
834 976
350 743
446 947
305 716
363 598
341 825
80 833
126 250
44 456
45 633
450 513
451 738
343 886
42 426
193 717
185 256
392 871
315 530
13 738
322 869
122 497
586 701
809 838
41 365
521 947
36 118
184 961
81 894
118 973
467 993
164 432
199 450
370 984
256 984
315 953
88 717
937 993
327 720
171 201
37 104
314 522
424 446
88 537
752 952
372 813
525 742
264 450
236 964
199 981
109 788
201 274
298 673
268 527
420 794
134 307
274 501
136 458
193 676
314 388
345 854
199 591
135 170
575 966
36 177
1 897
200 926
314 497
117 672
372 738
126 589
214 716
652 865
237 699
521 633
16 386
629 685
289 451
199 289
122 750
445 600
117 531
253 785
133 505
165 316
405 509
717 815
175 905
256 740
591 711
350 485
342 411
766 936
516 726
299 565
758 833
574 640
479 879
291 809
306 750
538 766
27 818
751 947
135 138
225 563
695 834
487 814
575 716
658 817
372 433
561 757
264 314
124 956
282 866
654 703
93 862
214 691
350 510
171 847
333 662
240 720
293 881
252 297
439 597
408 772
53 821
41 580
16 431
390 930
156 586
307 561
282 494
682 850
88 259
845 900
194 628
672 701
173 436
732 1001
143 479
241 836
789 961
954 992
192 569
505 781
353 620
327 753
144 333
385 672
127 389
451 647
81 594
527 938
396 758
355 975
114 457
243 564
625 975
9 684
275 390
376 513
433 649
262 614
114 301
326 651
193 843
202 784
114 505
451 761
363 640
42 692
529 555
778 980
76 868
596 875
127 695
343 454
272 541
358 396
414 953
539 936
497 763
42 450
133 738
322 619
381 497
36 166
372 619
42 997
88 879
179 475
731 838
102 672
225 385
36 558
74 861
764 861
299 951
264 743
99 490
563 750
46 866
563 592
544 924
330 432
213 712
497 705
341 451
949 951
266 466
561 678
333 549
45 951
44 831
376 910
81 510
784 832
305 712
125 872
730 742
620 956
539 946
530 763
171 953
387 398
317 360
154 199
358 930
38 615
314 557
631 682
166 750
11 970
792 871
390 633
321 593
143 576
705 879
118 358
449 903
157 949
297 764
291 376
738 903
317 790
516 578
278 780
6 911
527 709
181 350
170 672
408 809
205 604
544 747
8 604
415 654
31 439
53 801
599 768
666 891
541 751
557 974
205 219
372 457
105 552
317 676
847 927
317 956
525 747
536 709
36 127
364 834
147 618
692 717
291 513
8 575
147 218
76 372
530 950
450 749
499 780
449 720
36 456
505 701
274 731
201 531
205 876
227 692
61 214
324 338
544 691
676 778
872 926
330 979
201 732
720 809
569 661
641 936
264 945
115 541
13 358
502 859
37 431
303 323
199 716
98 947
13 544
751 767
31 855
376 640
677 813
632 682
709 810
81 218
297 495
504 995
140 539
1 430
676 754
449 616
509 768
594 716
396 736
293 602
558 631
426 723
450 649
249 841
456 467
57 899
112 684
392 981
580 780
933 954
376 537
90 293
376 702
213 532
201 513
849 865
104 709
424 649
37 545
450 539
682 792
586 604
17 672
376 717
41 269
110 625
268 343
36 259
201 845
33 908
437 556
312 614
414 527
376 451
503 968
17 701
712 894
33 432
118 549
252 818
366 784
701 974
166 505
88 768
59 189
606 636
397 705
104 631
569 756
105 942
17 154
330 714
64 135
757 761
126 627
527 946
422 699
206 603
214 678
64 495
385 450
33 761
301 411
264 457
714 894
13 815
218 415
758 940
232 526
422 948
291 451
365 487
333 978
240 936
133 602
413 471
166 701
3 841
468 593
723 789
530 544
405 869
265 365
620 753
390 709
358 976
114 289
36 133
325 599
248 570
166 199
384 917
503 986
86 166
640 672
81 886
226 829
256 705
891 1000
731 841
414 556
429 946
6 99
201 750
171 291
42 753
190 224
466 559
252 346
272 717
268 946
457 687
189 457
501 946
784 995
106 569
346 798
240 424
264 715
556 976
662 748
268 364
366 936
591 934
38 196
118 424
314 976
201 556
385 429
291 558
691 728
343 566
458 926
484 881
291 530
201 432
155 989
264 777
81 449
164 484
173 755
272 449
598 650
238 699
8 893
166 717
587 944
270 703
324 537
17 716
381 549
545 872
792 879
17 834
8 328
492 964
203 258
753 890
291 497
265 433
8 999
9 941
385 699
282 872
76 631
201 422
415 879
281 428
414 986
341 634
457 558
295 744
124 351
537 557
82 248
596 731
384 619
85 848
182 261
136 705
376 502
114 557
388 659
414 429
701 995
217 383
599 947
140 677
593 708
900 997
414 595
53 933
114 376
240 499
676 758
269 815
396 558
127 755
364 457
595 875
633 708
414 424
264 537
275 538
597 633
6 570
63 956
621 629
189 815
495 705
6 264
118 326
291 794
222 344
545 705
544 998
785 792
166 552
809 835
431 596
20 54
358 768
479 813
147 953
596 709
189 747
463 590
54 823
17 702
236 577
267 519
449 731
454 484
86 941
398 868
267 395
695 717
529 556
596 643
876 956
484 699
590 854
306 646
289 536
54 660
264 770
387 753
75 103
330 976
387 646
750 946
558 695
382 772
16 532
252 697
439 652
563 695
81 350
352 445
13 649
457 513
536 565
181 298
33 61
409 915
692 889
456 966
211 993
449 670
539 616
430 537
264 705
154 720
181 536
70 850
414 747
279 655
284 646
330 717
256 843
275 640
492 726
449 714
780 953
8 586
529 882
654 720
499 556
712 946
99 815
683 967
115 599
43 497
117 365
206 349
522 846
133 702
346 416
62 256
272 974
350 570
291 522
350 747
537 714
544 695
510 753
565 974
685 954
536 708
327 649
236 836
428 941
353 567
267 907
318 326
350 974
596 953
316 709
147 806
341 981
189 835
273 469
94 466
102 250
567 943
596 605
424 522
41 753
381 634
450 753
809 900
346 727
194 570
8 358
82 300
189 557
983 996
46 725
127 201
37 325
170 976
390 513
252 281
840 881
569 967
41 273
66 273
268 490
147 792
330 797
8 894
495 544
763 933
62 717
536 537
17 424
265 742
350 558
502 871
86 563
375 642
272 770
267 631
113 335
409 670
516 873
288 784
633 886
301 677
717 946
516 574
253 395
115 260
398 422
154 716
166 654
448 609
708 712
252 940
98 394
642 794
117 315
467 659
157 657
273 992
295 533
220 998
254 753
596 903
372 763
19 250
81 166
563 949
117 330
635 641
330 943
192 635
337 391
360 889
803 885
238 388
420 831
76 601
346 768
8 17
386 730
240 358
375 828
489 583
430 563
558 894
174 495
147 164
118 196
513 516
652 909
142 294
557 943
389 974
290 947
226 238
172 825
120 798
1 450
272 575
201 396
297 395
154 505
436 886
134 543
803 976
106 754
386 604
773 903
101 893
376 409
763 834
61 813
316 773
139 230
121 908
271 630
158 405
358 619
6 117
142 364
152 566
107 490
657 838
499 953
659 891
98 256
89 981
314 372
30 803
282 889
568 954
531 593
364 449
158 742
714 797
143 384
643 945
113 428
578 999
732 809
170 218
485 750
672 720
835 974
88 835
99 530
749 879
27 150
571 795
202 992
269 533
109 197
630 903
509 850
301 312
88 376
256 908
42 717
295 1000
716 945
236 601
301 524
145 933
343 727
88 980
492 709
358 943
383 943
489 912
124 301
327 390
11 505
586 649
81 118
423 934
883 898
704 794
256 498
381 593
327 495
291 450
201 314
396 505
11 147
714 979
880 881
166 544
672 750
29 836
446 815
36 557
641 708
408 469
714 945
731 833
372 952
37 732
213 859
98 753
243 485
81 575
166 189
696 994
170 797
218 641
122 544
333 522
1 332
202 214
723 773
951 1001
762 946
159 501
641 945
414 859
144 697
246 270
99 566
192 712
664 871
36 640
165 314
64 761
42 437
122 208
940 997
205 289
117 196
547 866
454 936
86 977
696 755
758 931
336 575
449 702
328 997
98 953
129 603
209 743
314 409
88 527
158 243
812 976
753 770
409 954
132 846
591 946
395 781
135 843
346 821
605 812
106 846
158 773
193 922
431 513
189 596
138 727
270 499
457 750
86 319
327 714
376 536
383 865
36 716
376 485
770 943
457 943
3 558
605 701
680 940
206 400
575 701
39 784
154 704
333 988
250 482
291 449
499 727
479 968
148 992
402 761
570 936
314 499
250 848
299 900
36 414
1 702
13 798
264 949
701 854
704 897
264 499
702 770
170 631
170 705
37 393
51 297
6 466
421 643
226 890
82 221
6 738
311 947
495 530
223 954
365 894
172 405
426 596
28 333
297 570
544 640
600 701
36 393
738 997
327 519
293 572
57 542
105 708
314 641
699 908
88 450
194 413
269 322
114 449
81 451
667 851
23 328
498 698
312 546
730 757
449 864
638 770
268 770
238 661
147 593
497 677
117 631
395 797
314 761
545 906
258 303
509 714
457 903
388 516
485 793
416 599
535 659
412 708
193 610
1 850
166 834
188 816
37 214
372 527
397 556
666 789
497 649
570 780
510 945
46 301
376 450
214 497
391 753
205 763
458 730
276 742
273 622
237 264
389 973
593 631
631 989
66 614
118 717
622 748
797 844
44 158
136 239
515 885
427 859
499 947
137 710
243 879
421 598
218 824
729 850
631 780
13 36
59 953
421 868
107 172
824 934
275 865
466 992
169 322
271 965
387 702
350 450
440 988
8 199
239 830
463 696
575 844
492 847
457 815
17 544
51 458
841 842
763 809
709 731
402 778
485 943
33 703
445 951
343 376
98 1000
411 821
90 99
120 484
954 999
236 429
364 780
265 677
387 752
426 900
17 768
218 717
289 539
140 995
572 847
61 499
291 701
32 440
233 346
557 720
731 753
446 486
205 722
120 138
692 758
166 797
376 544
272 705
36 389
553 781
127 708
565 812
188 922
289 376
250 529
383 574
225 237
1 273
36 59
171 530
179 936
274 941
451 844
672 712
59 118
197 421
142 814
36 654
214 314
558 640
398 661
268 979
324 382
117 586
184 484
107 864
495 943
695 815
709 720
405 922
387 817
62 976
297 326
446 676
513 716
272 499
98 865
267 620
119 643
148 277
122 951
181 902
233 859
51 615
753 979
793 850
395 546
311 526
107 981
239 705
532 979
120 757
461 492
42 796
59 171
135 699
522 880
6 306
176 240
397 931
42 485
88 379
457 631
147 727
114 946
715 772
274 389
154 973
436 572
384 559
205 299
281 510
61 314
317 398
477 824
41 403
315 586
169 908
115 676
64 172
237 764
164 465
567 625
214 809
436 817
560 654
643 778
648 662
348 966
36 747
530 708
809 953
424 495
240 485
365 742
61 199
171 395
293 698
218 720
383 833
350 586
61 264
250 545
542 943
41 805
57 386
698 731
170 930
646 780
82 751
247 738
109 299
469 705
291 746
12 424
513 974
38 641
753 973
365 440
60 417
457 545
359 992
109 142
527 556
158 555
455 572
42 376
6 936
383 515
393 685
409 640
630 772
293 595
396 457
154 390
430 667
389 936
350 451
138 194
81 873
708 717
114 343
140 581
268 451
274 513
414 430
55 483
429 436
385 778
776 838
385 674
343 705
430 561
6 780
170 430
61 451
81 976
272 803
61 414
27 961
311 497
575 979
390 936
747 1001
564 646
391 512
594 768
461 699
6 943
837 848
37 533
315 974
223 716
423 777
557 953
497 793
189 716
51 405
120 664
307 705
19 838
171 327
171 199
185 747
695 744
240 994
558 716
498 974
390 522
55 489
938 942
845 993
631 945
381 693
631 979
673 793
196 743
705 712
66 510
289 449
451 998
81 570
632 995
291 474
16 86
712 794
42 405
199 838
398 522
166 702
170 281
717 903
201 708
42 516
586 943
202 966
343 835
240 809
170 903
48 297
364 642
547 652
941 966
166 643
537 709
565 843
330 635
268 301
114 640
94 364
725 746
61 705
387 601
1 314
197 530
357 404
265 450
469 659
324 699
254 392
303 916
499 974
385 451
886 897
376 841
299 316
395 655
322 538
705 732
205 708
59 327
430 814
259 838
712 1001
537 809
142 389
12 853
464 712
17 720
327 513
414 763
587 874
201 424
497 886
499 695
141 817
480 486
27 393
226 387
350 750
35 952
268 381
414 505
389 495
163 970
27 437
558 731
13 530
537 943
194 976
570 894
201 931
238 485
31 85
903 943
269 919
507 949
389 732
163 941
432 487
291 964
471 733
389 738
196 247
539 974
62 316
343 386
122 695
454 596
142 450
507 903
552 643
366 839
268 619
451 978
256 958
449 466
260 820
424 961
301 708
501 567
201 702
381 720
201 316
154 513
118 450
396 986
555 903
88 809
537 552
516 961
570 702
185 657
649 701
17 586
112 712
558 712
593 705
273 505
424 451
446 451
348 422
117 695
895 978
485 539
133 945
118 837
61 409
174 731
129 668
102 323
286 383
643 647
170 327
744 930
702 936
348 394
135 933
143 649
17 753
61 142
677 869
28 692
3 389
238 871
82 578
372 956
343 558
42 635
124 595
312 764
672 702
36 450
457 530
396 943
62 587
778 984
68 624
192 670
42 869
59 325
36 780
343 817
239 601
416 801
107 717
655 984
949 980
392 976
88 274
42 314
1 835
594 731
330 631
716 894
575 753
81 539
502 640
400 498
81 199
194 778
36 753
166 414
389 672
27 114
105 890
102 376
717 900
387 390
396 712
943 996
498 750
33 649
36 199
293 437
725 776
560 845
193 865
654 790
20 615
256 442
274 755
647 763
1 557
201 701
450 973
88 394
593 646
702 750
468 711
108 699
177 981
93 99
446 776
953 974
815 903
166 327
174 650
709 946
350 635
82 301
59 466
291 650
138 833
199 750
847 879
199 218
889 983
39 711
372 750
160 660
432 803
850 983
189 449
70 445
792 994
567 831
236 730
322 665
88 648
21 784
102 268
237 564
444 785
185 733
196 633
92 422
268 510
41 451
468 954
666 986
115 273
327 974
569 790
386 487
443 731
272 834
708 732
624 997
489 983
107 218
294 982
51 222
664 993
705 780
109 264
699 873
157 445
697 911
407 755
381 709
203 545
81 708
414 732
381 703
350 409
6 555
107 641
58 126
709 953
88 396
569 855
118 663
513 640
179 461
584 778
199 529
42 586
509 530
250 872
485 487
6 537
742 764
697 751
301 812
727 752
586 614
55 501
278 825
36 150
557 649
232 859
81 731
233 868
327 705
127 544
42 272
9 853
342 427
268 596
506 849
709 906
220 979
201 738
6 633
367 659
558 953
112 140
182 999
210 433
214 933
705 750
723 734
534 777
467 761
238 798
596 734
123 795
193 498
589 714
495 716
744 837
350 424
513 815
375 436
711 753
631 953
714 717
676 697
76 966
752 892
319 875
38 252
27 499
106 314
639 981
575 705
132 281
660 708
376 974
17 557
100 596
596 847
483 995
732 747
291 712
487 551
236 999
376 449
147 599
843 899
358 570
13 747
720 785
197 879
13 976
36 699
593 778
103 411
385 603
502 846
214 943
315 705
157 708
537 647
432 857
747 953
61 714
591 662
124 278
761 936
410 575
530 754
51 74
833 978
42 233
117 446
261 408
181 835
174 613
17 449
41 346
33 383
127 428
81 499
518 938
254 641
88 426
122 620
403 877
180 265
544 720
495 936
410 743
189 886
376 709
314 536
424 457
41 845
187 987
198 838
531 812
389 643
71 670
161 752
288 361
201 495
136 194
604 714
495 750
136 332
365 627
235 363
424 695
58 223
271 761
233 361
454 861
272 897
389 708
288 423
232 613
133 943
327 372
13 980
121 468
42 358
152 185
327 702
311 884
306 598
873 994
62 439
890 903
505 586
61 943
293 466
701 768
63 394
158 702
171 720
61 552
520 603
272 732
86 240
539 712
170 330
214 233
272 976
499 604
376 391
101 359
20 810
34 936
471 772
21 237
695 943
50 851
414 522
117 556
505 731
552 732
132 969
552 738
82 677
225 341
327 530
795 854
409 424
243 342
105 970
424 943
12 755
524 859
12 316
315 865
343 709
8 424
240 943
189 436
6 701
545 750
596 717
327 946
849 893
237 596
179 485
557 732
42 720
409 593
293 674
647 649
649 717
77 501
687 699
461 602
173 513
93 655
372 709
61 526
42 930
510 731
314 958
282 953
291 525
545 928
107 586
109 185
55 773
102 365
523 978
81 513
209 352
397 953
499 1001
413 743
557 894
172 497
505 953
6 567
590 746
98 820
58 157
468 838
99 179
373 770
109 466
272 490
11 708
454 510
278 467
166 214
198 603
74 393
350 647
854 966
389 834
751 820
218 457
596 974
601 900
189 950
738 768
408 495
603 712
236 868
226 810
189 692
317 570
92 897
314 537
190 272
696 920
176 407
555 684
22 51
274 539
211 299
19 942
662 930
291 587
643 758
295 711
61 557
41 563
107 122
33 417
372 633
387 797
322 750
271 782
619 844
81 409
99 709
430 877
76 880
217 670
6 758
61 315
601 707
366 846
42 834
513 732
326 533
17 433
42 714
521 643
397 761
824 916
166 640
646 701
141 502
676 734
561 670
170 943
399 877
179 564
563 711
112 951
381 495
330 716
424 951
291 974
199 593
631 815
510 705
842 847
55 883
8 780
639 994
564 566
449 457
8 840
810 972
6 886
333 772
376 631
181 499
174 218
108 348
408 755
112 497
502 696
154 600
712 738
950 970
62 939
484 790
8 573
76 793
314 979
106 773
181 705
189 708
414 695
539 717
171 647
315 570
936 973
272 291
702 815
89 684
509 570
544 557
552 557
181 272
407 659
676 845
784 910
556 701
513 976
530 945
532 886
412 794
594 648
599 706
631 768
376 495
144 236
415 798
114 838
446 581
132 413
237 763
132 498
515 836
864 989
179 820
11 673
38 770
498 714
42 514
670 967
298 374
264 712
88 330
53 368
480 676
148 872
544 768
36 469
106 184
468 941
314 533
308 772
265 586
171 446
24 819
327 536
469 956
341 408
133 705
426 455
189 945
744 834
495 709
483 917
185 838
44 717
90 210
124 854
28 433
118 708
281 887
333 886
31 171
129 457
82 334
414 815
578 951
184 732
497 501
647 754
17 835
327 731
603 854
415 887
821 961
91 978
615 755
717 744
297 871
36 381
8 189
269 698
521 907
258 593
205 954
214 984
716 750
88 199
118 532
414 845
429 539
302 426
260 388
379 953
538 670
368 674
451 779
883 925
524 860
581 738
712 936
189 306
751 757
126 646
676 817
118 505
536 753
171 322
103 789
605 896
542 975
672 795
267 361
8 536
200 659
398 771
749 768
697 833
282 398
524 631
213 570
390 558
311 715
42 268
350 457
885 974
534 772
381 457
197 256
289 631
274 449
133 376
395 777
537 750
591 708
537 859
449 768
334 662
189 330
647 732
306 900
182 503
460 544
510 708
243 257
529 913
648 972
708 828
327 596
575 605
154 880
756 981
243 451
291 495
709 834
605 702
323 552
74 107
382 791
118 974
141 879
111 869
181 720
414 809
593 809
315 838
268 454
210 532
652 757
281 487
147 308
436 553
812 952
556 894
274 613
61 530
62 268
557 717
150 840
408 600
82 740
552 835
752 989
236 584
497 527
224 627
738 779
98 657
209 327
37 107
264 709
619 720
431 657
383 972
359 727
189 640
140 502
240 705
654 655
570 619
826 940
604 609
415 923
254 379
264 720
631 894
297 670
291 327
343 619
536 768
705 834
544 629
640 910
764 906
8 82
597 730
484 671
391 974
922 976
307 423
451 797
376 481
727 803
81 414
563 755
309 480
372 539
449 879
415 900
330 614
401 776
274 424
201 391
105 297
13 995
264 834
118 720
396 490
269 604
68 691
583 711
314 381
145 750
64 747
631 753
317 812
186 629
214 997
610 737
289 436
81 780
471 813
780 938
268 390
323 753
395 691
135 524
250 520
389 717
411 705
468 532
383 544
655 754
770 817
549 716
659 754
114 414
148 491
487 773
8 114
712 979
397 894
201 376
332 593
828 890
369 785
505 695
381 936
213 692
315 467
383 961
74 578
449 605
266 423
527 549
778 818
429 606
291 754
654 763
522 569
86 660
50 93
599 965
625 985
76 273
114 753
59 62
1 926
813 815
5 428
88 695
240 716
254 348
704 938
376 734
44 778
456 989
205 418
93 333
271 301
533 790
158 159
797 825
330 619
118 315
256 677
194 201
457 974
410 954
36 714
141 633
199 834
291 720
360 790
171 264
761 789
132 772
854 879
135 283
486 531
539 695
522 772
635 749
444 763
37 820
449 454
274 814
383 603
199 552
845 926
510 527
426 591
575 746
154 949
88 886
174 479
306 804
122 558
358 709
66 973
857 877
389 750
372 701
144 158
144 386
423 885
297 714
154 946
89 299
389 753
156 904
36 252
980 984
171 510
389 524
169 196
28 886
695 716
399 560
390 596
218 974
106 711
203 905
111 533
59 761
422 748
89 787
794 812
389 631
695 714
529 940
274 809
534 708
284 571
103 191
166 865
118 414
127 889
539 609
124 490
415 847
104 112
537 539
297 394
640 649
591 712
268 323
555 889
275 314
201 593
440 471
605 631
641 650
148 328
18 649
758 841
114 315
75 440
393 433
41 61
503 790
749 951
201 720
330 936
250 614
379 666
301 609
36 708
510 834
27 753
211 452
27 44
274 815
193 886
505 768
422 519
201 454
273 544
787 873
343 981
379 877
649 720
193 270
642 661
600 662
268 691
289 327
597 748
409 716
270 365
196 503
203 384
316 795
314 575
469 815
513 903
861 964
428 868
117 894
17 631
11 599
659 829
564 918
124 211
424 835
233 466
316 696
457 954
81 316
445 863
11 817
107 118
199 264
499 894
65 264
114 930
258 570
59 835
243 322
647 772
99 210
13 391
166 943
495 966
143 557
558 647
8 443
951 984
259 536
76 890
516 699
743 930
27 965
397 454
424 734
454 717
475 581
8 499
954 994
424 945
42 194
390 943
11 120
223 949
604 701
558 642
309 322
240 272
414 834
492 750
552 953
38 114
701 809
530 570
650 777
1 770
33 249
478 753
265 747
430 855
17 695
107 596
367 631
74 303
272 379
268 738
259 271
392 845
803 845
24 854
698 838
513 750
23 45
86 145
693 699
89 641
346 538
633 727
641 720
570 649
552 705
509 513
267 341
561 742
13 834
268 789
41 490
570 666
214 709
343 450
208 489
139 914
88 154
218 889
748 874
118 712
254 315
288 317
497 999
250 384
188 881
619 702
85 581
390 742
272 712
291 358
222 265
390 631
448 910
489 570
586 763
304 903
198 259
532 742
346 484
8 792
218 911
376 605
23 348
13 324
311 818
705 761
81 695
268 305
89 374
809 943
274 289
404 761
315 684
303 358
450 647
51 794
705 714
218 879
490 910
189 599
33 240
84 440
193 384
274 717
272 916
272 738
157 671
346 603
301 414
666 949
327 813
558 732
133 289
743 941
76 923
189 432
537 672
389 818
552 747
522 530
463 729
62 129
57 136
815 864
717 1001
648 789
594 864
90 662
503 557
783 943
629 999
416 565
358 649
715 901
189 451
272 372
297 792
235 751
396 894
490 539
0 99
527 714
597 642
428 840
449 635
188 677
398 424
701 717
316 529
214 717
372 753
143 440
308 471
349 677
566 900
209 593
883 974
414 537
177 315
674 838
367 414
191 572
192 536
643 979
422 954
586 672
558 998
117 781
191 803
344 910
454 676
647 864
696 930
9 188
117 387
17 38
437 847
643 715
451 945
42 792
314 495
291 903
463 666
51 143
114 720
604 923
544 859
315 510
458 603
64 450
593 959
457 894
114 360
129 393
683 705
378 936
705 946
98 646
451 946
171 930
262 890
55 509
8 505
41 603
13 499
396 705
485 505
240 741
306 591
440 761
31 870
127 851
370 922
698 845
587 654
274 953
89 699
243 1001
393 963
140 364
102 372
155 490
6 17
291 605
297 359
490 596
17 376
268 695
451 557
196 487
33 533
410 906
451 530
570 885
454 631
51 770
598 746
484 614
494 653
586 979
305 971
103 801
270 997
768 953
59 998
404 953
107 625
104 324
281 312
629 872
166 831
189 522
103 711
98 432
372 834
162 456
288 386
342 891
221 405
445 692
414 764
277 532
676 867
174 428
424 672
268 885
399 635
155 668
449 513
643 703
539 945
532 815
268 350
529 768
793 854
570 708
391 522
117 199
868 892
314 649
61 631
104 176
122 501
414 716
184 374
102 916
709 936
391 466
218 701
8 154
584 959
466 891
36 698
393 734
312 503
360 852
38 131
596 885
164 250
1 497
129 940
632 795
501 685
211 635
259 421
591 766
288 753
351 382
699 973
490 650
21 999
397 575
343 870
394 504
268 953
449 834
376 701
136 201
209 922
36 570
171 716
8 88
254 259
271 829
396 498
11 326
70 584
536 701
510 986
36 720
379 629
142 170
581 743
88 753
225 809
154 424
385 610
649 894
171 376
107 147
834 945
390 976
467 940
296 484
171 453
390 981
451 943
171 449
44 440
451 522
274 943
36 575
237 999
449 640
333 495
429 730
773 881
142 314
1 591
264 717
604 789
105 696
156 949
512 817
289 396
118 881
387 778
381 716
545 840
366 823
218 397
201 240
264 941
11 723
495 815
408 671
13 451
720 976
375 672
135 393
42 396
17 979
495 951
897 923
36 768
390 997
468 648
307 611
65 855
36 490
640 647
344 893
199 631
431 799
249 364
505 530
88 501
185 976
140 262
102 218
450 501
552 709
64 265
13 510
27 440
272 521
556 834
68 868
320 467
895 941
122 596
522 943
338 423
432 631
560 696
98 761
653 749
199 317
142 527
6 998
879 960
174 732
298 422
605 753
254 864
411 945
449 541
699 801
600 834
556 631
708 815
137 868
449 709
201 451
250 624
36 140
490 961
107 201
43 569
372 499
513 570
536 570
148 486
148 846
42 641
544 974
538 807
238 600
250 630
99 117
409 649
993 994
272 480
268 536
596 812
211 267
171 643
133 753
42 708
485 509
753 763
457 641
792 841
390 979
51 342
558 891
87 277
835 838
81 424
46 824
202 272
327 409
701 708
469 558
106 661
436 456
118 327
262 446
662 931
170 273
173 424
178 684
449 777
457 495
232 897
541 567
671 696
841 985
505 557
575 894
156 469
372 838
214 241
61 890
430 935
372 552
530 596
176 333
424 753
289 570
179 454
116 584
1 32
324 836
676 834
376 976
825 997
376 497
33 539
412 655
747 840
296 655
272 709
51 356
341 635
380 833
118 536
226 936
415 446
661 794
398 753
36 709
36 397
158 587
372 778
497 973
511 909
510 979
170 350
193 555
199 490
471 572
37 730
201 567
628 685
720 943
372 780
641 683
666 738
199 530
118 820
88 117
654 894
282 428
561 916
571 990
703 809
234 537
327 834
36 274
684 828
471 676
88 751
274 570
271 977
234 743
122 389
294 479
436 998
622 894
76 106
148 556
503 565
659 723
267 683
317 970
264 376
413 607
714 763
201 497
272 378
333 713
372 749
390 732
398 826
254 755
426 705
933 966
513 537
262 995
789 879
127 446
640 750
429 720
720 994
882 897
560 819
558 717
11 412
158 165
720 750
458 756
29 953
34 89
628 651
640 709
691 936
311 647
31 575
184 226
471 536
240 451
291 640
289 708
412 413
544 586
309 744
27 315
407 992
389 453
451 897
490 974
701 894
125 919
134 562
8 381
207 919
238 691
133 381
330 596
489 919
114 701
55 259
485 530
248 640
118 702
495 641
172 894
240 539
201 976
240 505
85 778
267 995
755 772
625 881
196 396
106 623
364 532
372 570
103 383
741 961
166 450
495 522
23 137
267 625
378 976
53 555
133 240
154 381
327 570
17 166
557 753
214 641
268 945
414 864
614 720
118 510
414 983
414 501
641 843
148 931
109 221
114 199
198 634
386 979
32 582
171 539
674 859
31 102
258 864
567 573
151 399
770 780
878 999
189 720
298 412
196 712
34 44
414 633
86 979
3 430
98 877
142 387
546 923
36 201
530 647
332 596
602 917
497 777
672 714
330 903
52 106
262 754
42 990
399 601
103 235
411 637
42 449
556 596
87 660
709 777
691 865
240 264
701 885
499 708
471 647
410 593
628 942
136 268
715 872
346 549
451 513
88 398
479 484
750 930
537 717
170 620
544 793
236 265
42 421
537 797
391 781
457 695
8 449
413 595
61 189
387 809
199 349
381 979
465 864
107 978
396 625
376 731
249 472
390 847
204 624
40 755
268 997
387 705
272 544
125 899
31 792
11 825
201 539
248 272
179 323
240 672
544 631
536 936
143 670
454 946
268 289
758 798
240 714
654 722
389 555
175 880
457 973
579 949
372 557
277 897
436 985
830 951
259 387
536 973
414 976
179 532
332 858
516 976
372 815
454 499
552 947
66 966
616 847
527 672
508 645
390 503
578 916
80 671
646 949
423 436
136 894
407 524
251 452
556 873
717 864
130 694
342 803
11 408
649 716
413 981
343 361
188 825
238 908
307 387
127 912
8 218
529 912
17 513
13 372
847 953
396 634
93 1001
252 445
770 814
132 954
57 407
248 396
132 797
267 569
499 815
160 670
12 538
777 910
641 715
763 970
13 59
269 885
343 372
631 976
232 744
555 682
107 633
165 879
299 366
539 556
81 390
495 501
63 175
430 664
58 270
467 697
372 797
237 604
238 817
505 643
36 417
909 996
714 986
594 993
432 872
432 498
597 838
641 753
26 391
474 995
350 752
42 983
148 724
289 424
237 894
171 429
33 741
314 936
62 961
659 926
525 682
82 237
432 670
324 387
67 88
414 509
10 751
306 515
440 1001
38 594
854 865
306 943
172 950
17 575
6 604
647 672
649 953
834 953
189 973
172 569
397 631
407 492
451 695
76 408
366 368
42 482
888 913
89 113
234 769
742 937
946 979
76 117
268 753
61 750
142 668
521 912
164 525
199 389
12 622
316 837
747 976
76 513
871 939
41 976
182 516
135 366
449 754
672 759
330 753
974 976
17 640
172 304
124 373
94 393
153 413
346 491
327 556
6 702
240 544
157 185
293 301
467 471
343 390
6 519
17 619
170 563
22 558
498 705
602 611
107 976
416 996
569 850
133 424
31 345
213 416
586 622
93 296
349 820
297 415
170 979
563 604
36 886
567 652
252 837
32 705
552 770
130 492
274 702
368 708
81 619
358 469
490 556
414 979
429 803
268 586
218 649
327 716
388 389
359 746
389 424
327 487
492 505
114 647
250 721
490 537
145 960
103 868
210 559
232 900
6 424
240 457
93 857
117 649
181 785
672 809
226 451
413 917
375 845
13 154
312 951
13 614
222 601
289 391
281 647
171 469
781 831
838 846
117 780
59 999
36 88
381 522
233 366
89 698
717 986
339 824
192 412
709 749
90 840
107 714
412 641
205 732
253 601
485 720
550 599
199 986
127 238
625 908
389 885
257 288
443 446
93 343
19 843
492 549
641 754
273 795
651 865
360 638
291 747
385 415
117 709
717 780
412 505
409 695
598 941
61 702
51 445
189 358
453 931
13 712
63 365
5 993
59 481
278 916
93 122
600 732
36 510
203 880
133 815
594 597
552 797
385 777
260 847
184 510
350 815
647 738
81 114
414 552
86 325
602 859
586 716
165 446
630 846
986 999
262 544
530 556
273 379
411 979
243 959
390 720
16 722
379 440
824 850
271 334
398 871
485 999
539 817
591 976
770 790
770 966
268 717
11 575
45 773
189 558
289 720
1 282
105 267
315 692
262 633
658 701
408 527
42 750
123 408
702 738
122 670
409 854
13 570
469 981
291 483
376 577
539 619
88 567
365 604
530 709
42 61
264 510
59 594
817 876
162 256
513 942
164 353
495 537
426 989
343 539
366 658
88 509
421 978
181 845
570 966
322 404
88 953
133 720
537 619
129 964
36 522
487 499
753 879
142 411
138 343
716 943
134 579
497 708
631 747
260 511
390 903
633 986
39 878
189 979
281 553
736 872
576 871
894 976
530 881
86 160
315 451
17 408
620 784
454 502
95 930
112 873
89 815
587 772
369 831
513 753
54 240
246 841
38 685
107 605
299 905
268 747
240 815
297 549
264 750
279 596
108 995
272 647
943 946
289 976
338 617
469 631
34 103
253 424
566 666
330 732
224 702
652 785
720 936
761 878
358 495
760 831
17 754
214 936
114 372
11 254
218 389
6 485
499 900
59 863
571 1001
133 936
36 142
660 922
27 646
135 765
171 708
426 692
659 843
696 934
238 943
475 516
323 659
705 906
299 994
396 424
749 880
221 941
521 631
716 795
343 398
307 451
92 926
773 831
240 701
741 819
695 732
30 956
291 589
8 376
317 973
387 970
441 854
107 341
389 780
36 330
599 923
375 943
450 605
454 834
701 953
797 974
732 943
847 943
330 851
820 897
387 712
201 979
298 457
142 199
647 720
233 365
113 194
330 985
142 361
346 959
389 599
54 275
172 855
815 961
885 976
748 836
497 552
497 712
136 327
738 793
316 720
857 978
431 601
214 289
701 747
122 201
390 557
189 850
143 983
129 715
36 903
174 992
291 389
763 768
42 107
348 981
217 818
640 703
388 947
5 646
705 768
407 563
501 647
156 981
372 414
389 505
401 998
448 851
88 731
564 572
586 596
16 294
753 768
381 450
27 952
262 773
201 834
797 804
226 314
154 196
449 678
794 994
267 974
205 293
331 662
510 838
353 752
205 451
199 720
264 979
112 734
396 527
81 211
17 537
497 702
428 809
88 556
59 408
497 672
414 647
209 371
147 829
142 350
184 942
184 908
268 981
164 714
33 887
457 738
817 956
449 576
274 976
499 640
558 936
326 748
333 616
490 889
497 835
168 256
154 451
66 702
389 953
11 38
59 930
431 723
185 849
239 876
436 893
384 941
359 417
501 536
31 668
146 565
619 873
305 570
555 659
301 445
165 352
52 349
472 846
522 701
620 833
55 531
584 916
164 409
122 385
495 717
11 269
40 951
557 749
36 766
17 738
346 480
744 820
389 436
640 943
569 749
98 281
412 484
390 649
241 424
661 753
708 894
358 834
420 440
605 712
68 385
114 521
569 894
333 633
603 862
32 328
649 770
792 980
605 705
114 643
701 946
314 552
314 451
57 93
370 464
142 919
556 708
142 409
17 396
118 299
611 998
118 154
390 647
711 755
550 692
556 647
117 634
484 857
431 838
806 812
296 598
358 671
358 390
125 457
282 633
58 802
213 449
91 443
218 376
702 813
98 598
46 780
170 803
381 708
122 402
497 815
329 814
165 239
147 643
619 646
522 720
66 118
117 558
557 708
75 930
33 836
528 881
619 793
36 981
61 709
81 314
109 635
136 414
395 824
773 777
586 753
112 771
41 426
189 527
292 947
801 803
98 777
513 530
8 396
136 996
93 768
248 316
374 970
450 695
415 648
587 818
720 923
301 682
526 858
9 936
527 750
326 656
343 894
214 701
458 654
268 503
107 495
657 712
500 747
397 495
549 682
394 970
55 142
558 979
572 792
267 540
165 455
41 631
132 297
333 985
262 744
708 709
521 732
639 983
238 271
486 990
390 451
629 777
505 522
297 423
544 750
118 834
13 376
206 408
88 973
723 824
306 894
580 698
416 904
99 586
708 753
194 265
414 513
166 815
262 530
172 243
712 943
255 528
149 773
147 635
916 986
439 700
776 989
306 570
142 528
12 696
42 947
530 631
159 484
539 709
598 645
201 640
709 943
310 420
299 886
109 903
22 718
412 970
17 294
82 916
94 382
557 835
599 787
449 497
199 296
433 772
761 784
88 166
477 670
12 978
586 953
343 702
405 862
271 886
569 752
608 716
599 705
138 601
293 738
626 959
271 400
289 847
497 701
391 901
603 647
358 432
245 688
81 630
85 273
117 376
299 881
745 986
240 934
306 445
314 662
33 522
118 815
78 467
117 268
397 640
291 314
631 720
6 457
264 768
533 875
381 424
146 949
559 600
61 605
181 853
289 838
107 343
667 676
268 501
93 750
724 995
698 894
433 696
164 643
376 712
81 485
237 649
327 454
106 644
171 943
376 943
387 591
258 850
439 506
446 792
237 265
55 185
324 958
326 458
370 385
201 716
708 714
933 943
228 579
712 768
122 366
570 813
643 702
475 817
596 894
747 952
1 513
1 170
131 770
570 953
127 268
31 881
815 834
378 925
835 886
784 833
754 894
405 437
649 906
750 979
199 343
544 753
340 696
391 408
643 712
332 550
61 717
448 837
485 846
432 436
312 973
272 509
330 449
314 570
41 705
820 952
21 819
497 510
237 767
214 596
214 684
402 482
652 951
522 552
8 570
93 407
304 662
820 900
88 943
395 749
46 591
572 722
628 970
544 986
211 709
497 587
129 717
710 794
763 903
133 490
712 732
272 605
407 672
103 495
119 909
316 454
821 922
83 541
521 662
379 567
461 619
341 489
417 770
533 1001
330 712
404 602
643 749
88 701
545 794
590 696
323 594
450 505
214 973
558 738
135 731
205 925
436 983
757 897
267 778
5 51
102 273
376 490
379 981
364 827
692 767
277 342
886 891
274 556
399 708
533 677
553 981
408 664
36 61
550 614
326 632
372 536
695 709
289 702
387 575
79 549
165 869
214 970
38 913
128 594
750 757
877 958
217 433
809 974
631 695
361 682
169 614
142 449
170 885
269 709
81 943
205 702
8 750
264 556
633 768
350 541
214 388
625 761
74 596
225 892
647 708
163 999
540 692
706 841
99 553
498 787
743 798
755 821
846 933
268 599
154 409
527 753
129 973
291 527
483 731
254 567
88 714
175 976
133 414
781 909
471 951
436 439
160 886
114 979
248 670
28 214
184 297
416 685
199 392
450 702
25 379
193 662
885 936
267 821
61 849
181 596
214 291
563 857
903 953
683 970
596 654
155 544
527 869
42 976
166 423
11 491
449 797
431 487
118 240
55 526
30 864
189 426
970 979
133 426
509 527
249 301
217 288
451 701
103 707
747 750
20 181
301 822
445 549
314 527
201 894
555 981
618 967
983 1001
118 809
594 753
495 570
103 114
166 843
798 981
262 264
553 599
364 941
457 753
32 371
391 422
630 762
175 974
109 314
581 943
170 834
58 367
335 897
382 563
118 641
46 429
936 979
575 952
232 588
258 599
242 537
327 414
538 555
171 372
400 989
154 894
218 732
495 505
327 446
81 327
81 717
221 645
881 985
556 558
497 557
388 708
505 635
389 396
177 856
136 823
449 557
205 650
457 539
654 879
98 974
189 440
628 961
497 671
545 784
558 943
13 327
118 125
382 981
388 393
390 835
93 112
347 496
171 240
45 85
15 21
424 527
389 712
61 398
135 529
857 939
622 704
36 37
894 953
142 685
522 647
851 986
537 853
567 753
495 864
448 834
424 732
66 960
17 414
38 949
530 976
274 753
226 899
537 544
82 433
753 871
118 643
171 946
865 947
457 749
120 595
530 533
527 708
240 289
628 833
322 916
114 381
426 661
240 432
730 740
44 166
199 513
529 642
90 288
375 393
209 973
214 672
199 717
350 649
252 612
322 986
118 199
11 451
240 712
705 903
450 495
175 842
42 510
8 841
350 979
142 682
316 738
341 385
342 763
358 872
109 504
522 567
343 596
457 804
650 711
307 632
90 218
81 798
60 148
389 556
53 997
537 720
754 981
197 954
272 450
457 861
170 189
11 544
515 916
695 976
558 750
135 509
385 396
201 945
436 645
513 747
59 214
451 510
154 732
147 973
104 521
373 521
450 731
327 734
305 605
330 527
169 813
8 516
205 939
19 194
923 966
38 712
936 992
366 723
408 943
259 868
220 236
449 596
295 351
199 495
118 289
259 507
599 979
196 268
61 731
44 753
598 785
199 350
162 632
291 537
424 979
66 1001
135 712
98 272
190 893
226 470
530 537
391 818
8 343
701 930
170 989
196 483
148 407
536 556
107 397
238 717
180 529
531 667
195 421
705 894
731 995
499 672
46 97
32 835
537 976
394 602
282 524
112 790
122 845
88 649
57 492
8 268
652 882
257 978
117 809
171 749
515 552
510 746
422 556
262 546
8 647
702 886
825 949
193 267
201 780
552 691
565 734
196 449
449 676
272 943
502 699
46 367
164 742
424 750
667 922
174 749
650 790
343 973
835 961
490 790
118 570
240 709
381 640
423 770
457 536
114 815
62 654
264 954
294 687
558 720
429 941
81 712
79 986
237 570
64 141
236 247
324 480
536 734
256 299
17 485
108 299
328 851
89 421
189 530
376 619
556 705
450 567
32 472
489 764
364 790
17 978
815 949
881 973
343 738
8 201
127 541
30 211
430 546
395 891
8 872
631 743
328 544
537 600
171 894
114 274
240 390
17 732
273 315
117 389
88 643
457 702
122 720
712 976
17 578
67 835
549 569
111 124
457 916
523 858
691 801
631 709
646 960
463 702
717 945
322 457
396 414
495 714
532 843
13 605
614 847
537 641
120 634
33 531
21 940
239 872
646 747
52 173
13 267
544 809
557 815
315 717
337 881
107 293
278 602
446 992
510 709
104 201
600 631
537 649
76 331
6 945
615 662
8 974
557 712
99 457
449 953
754 905
385 471
386 855
783 784
986 989
701 903
121 650
26 250
32 729
244 433
6 505
23 58
86 891
89 956
484 732
174 974
396 586
185 739
154 384
131 265
578 746
604 693
647 712
148 605
372 695
717 934
96 324
89 487
293 717
571 575
76 527
188 995
256 652
477 710
133 485
670 875
17 894
530 986
334 936
125 819
424 946
497 813
117 647
819 840
798 815
240 945
629 703
547 989
337 652
315 712
240 903
42 174
516 605
343 449
829 965
79 482
743 958
430 509
343 903
226 948
539 558
217 677
170 381
291 946
716 717
199 240
112 714
732 979
198 984
185 422
229 326
372 424
125 402
259 373
8 614
107 701
57 942
61 505
169 291
697 995
171 633
387 539
565 840
240 497
238 926
160 408
105 894
449 505
218 252
556 824
243 685
381 753
275 632
86 878
166 449
510 557
390 549
897 966
62 627
830 972
411 955
221 575
133 979
194 936
570 809
264 716
226 599
448 538
391 993
628 976
87 872
193 708
900 978
350 429
213 808
691 768
557 702
563 886
316 387
17 953
124 835
365 999
394 696
59 717
580 868
343 570
326 753
697 947
721 780
424 431
81 649
454 837
107 792
422 930
64 527
272 295
114 424
374 436
414 720
6 390
83 761
555 902
840 947
631 997
256 873
388 566
552 701
122 715
771 778
127 457
457 527
291 943
264 847
76 622
59 268
407 598
307 458
614 834
784 974
148 684
496 985
95 178
448 855
912 959
58 405
17 717
52 792
381 416
36 81
350 992
505 662
633 738
42 492
260 544
247 526
13 42
726 889
376 859
426 959
214 695
181 708
13 943
416 966
81 127
327 747
112 625
6 333
350 537
451 586
894 947
201 868
36 537
184 603
359 999
677 864
154 999
293 877
674 891
556 649
717 953
409 538
240 845
64 146
485 490
558 705
390 973
93 963
858 883
394 576
382 416
240 703
530 738
90 341
492 983
268 544
453 625
140 662
556 640
768 836
537 768
268 875
947 961
565 952
330 701
467 538
114 527
117 495
17 946
495 771
565 654
386 993
193 964
127 877
796 941
391 976
915 941
619 834
225 437
136 389
449 527
61 835
238 851
261 989
314 885
691 889
109 301
501 527
289 943
160 809
118 649
424 976
117 768
588 763
454 998
375 485
6 189
375 964
122 532
166 409
382 866
62 665
423 677
171 672
205 946
174 891
596 672
387 862
423 764
556 763
237 509
184 980
497 631
1 416
495 620
343 451
13 953
497 549
291 552
185 813
132 956
137 891
435 450
596 702
430 625
536 720
325 454
55 849
140 238
13 350
594 701
107 886
175 919
498 547
668 944
289 649
804 984
272 695
381 717
747 809
88 389
166 469
370 696
166 485
559 899
57 646
348 985
17 381
490 567
738 953
158 625
257 838
497 530
117 289
171 936
388 755
533 894
443 809
720 732
513 768
306 454
93 720
177 684
166 502
501 978
107 449
166 536
730 903
58 872
401 851
705 953
490 575
376 552
370 740
659 677
363 670
51 640
9 951
294 600
260 352
154 346
881 1001
88 118
381 986
34 140
281 689
773 904
20 293
539 965
501 530
516 815
524 532
258 484
601 618
384 970
36 314
906 921
524 539
505 750
676 999
106 112
411 747
401 432
595 772
457 596
815 968
107 631
705 809
236 549
431 877
9 964
199 817
189 741
51 66
42 248
237 614
714 930
620 668
554 785
315 868
643 705
675 703
4 142
795 875
13 596
495 885
19 642
243 603
85 180
396 450
495 647
300 408
810 916
209 287
210 630
274 497
8 886
140 314
198 450
71 138
440 446
260 761
13 903
124 233
604 974
596 712
36 885
55 642
504 559
559 817
117 379
675 875
750 763
558 672
377 686
269 794
393 684
294 899
324 451
395 512
133 544
504 984
522 990
322 385
109 647
499 930
646 737
196 565
243 677
348 978
515 731
431 775
482 820
846 956
750 931
197 780
189 396
385 671
416 507
46 742
146 303
352 705
8 943
218 364
595 835
567 994
6 750
633 732
254 827
536 998
750 986
403 847
126 546
133 834
13 446
41 926
13 780
218 809
395 581
22 605
711 720
327 510
118 701
42 330
264 409
321 516
640 754
753 903
299 527
343 497
586 647
399 596
691 879
270 772
41 687
250 646
103 792
126 423
449 558
214 451
424 631
170 376
678 732
133 668
158 853
532 859
238 859
13 720
109 649
110 371
522 527
430 552
744 908
619 708
133 318
33 675
482 505
848 891
426 527
173 472
120 144
205 591
127 716
649 864
450 976
155 908
248 739
596 976
42 146
98 840
680 859
122 599
424 768
336 498
394 666
557 877
702 946
201 350
742 843
409 630
397 958
109 411
401 961
170 570
271 348
36 513
594 668
80 742
746 768
395 741
464 484
742 905
138 828
495 753
211 678
36 55
135 780
397 596
81 772
231 978
263 828
122 753
708 874
457 834
240 530
586 864
600 736
575 702
274 596
8 835
158 367
451 495
490 979
105 400
42 600
495 953
55 634
330 513
443 492
552 857
137 968
515 919
199 861
44 262
181 640
527 812
544 732
81 457
127 381
118 936
504 737
136 815
86 990
672 705
397 723
189 537
32 670
165 982
37 430
8 702
136 855
217 374
238 537
326 561
344 676
379 922
55 556
203 264
366 754
662 770
703 873
127 632
84 335
249 625
148 946
277 706
88 170
272 754
536 716
522 894
449 672
530 539
365 640
628 801
42 530
716 885
586 631
570 979
41 457
314 702
88 797
549 731
281 795
497 608
631 936
102 792
249 922
66 325
281 891
826 995
381 399
790 881
156 780
13 449
214 974
910 946
312 524
469 742
64 293
148 620
716 974
93 487
118 705
780 865
650 794
250 813
561 750
205 949
256 530
723 807
552 672
8 451
166 720
47 531
313 906
166 900
174 815
699 992
306 729
107 142
984 998
570 943
845 908
558 946
312 692
154 750
36 732
315 738
272 649
326 421
166 264
184 599
61 424
61 753
621 744
297 679
314 358
64 594
10 192
654 815
240 821
469 752
611 840
13 797
172 628
407 978
536 647
54 768
189 379
67 801
99 654
88 110
268 926
237 864
23 916
622 643
458 684
133 421
243 529
240 605
36 268
619 864
527 595
218 697
295 471
409 809
527 974
450 732
384 594
139 372
502 630
721 982
314 389
274 631
877 961
544 838
504 965
451 716
133 701
367 533
181 761
259 280
793 922
291 777
350 414
894 974
709 835
17 541
155 345
596 750
327 809
135 259
127 705
341 603
545 954
199 998
118 343
445 642
31 734
350 714
498 778
671 950
495 747
88 155
405 493
138 173
289 726
532 614
641 695
661 906
272 457
497 945
37 537
38 688
578 906
359 755
743 794
210 415
240 268
51 202
556 979
605 820
61 218
196 537
271 691
593 684
709 714
457 936
81 714
10 941
451 926
88 268
414 768
381 449
642 712
604 695
327 864
37 570
754 835
148 731
240 409
136 976
45 466
240 662
203 416
497 505
31 240
905 995
191 506
281 652
272 350
118 495
343 747
58 375
794 800
456 868
11 524
274 750
95 831
505 894
620 696
117 974
495 945
268 768
273 793
184 591
237 758
89 631
62 122
495 780
382 984
786 985
82 544
358 530
503 865
705 708
600 815
222 555
709 747
505 649
603 794
243 545
350 672
682 815
155 530
593 697
838 913
512 584
536 908
586 976
8 537
38 307
712 852
264 714
376 778
314 701
33 513
179 273
772 876
691 976
36 424
668 774
525 750
506 897
408 639
505 903
738 945
314 712
497 586
324 521
396 864
780 855
558 757
376 889
289 974
697 859
265 999
291 738
618 838
118 499
196 557
382 451
278 301
63 238
42 649
376 424
107 705
86 382
47 477
137 550
389 705
334 772
550 906
170 714
557 653
84 833
841 1001
87 119
395 747
605 643
117 118
747 753
117 701
118 732
640 705
574 614
702 716
815 835
467 818
42 544
507 584
705 974
181 247
781 877
165 259
271 368
768 936
750 974
125 692
408 649
716 815
118 747
127 898
389 763
171 299
315 333
342 648
289 936
869 998
414 731
545 841
450 570
501 754
114 117
140 143
420 586
8 322
596 619
640 731
631 809
102 295
154 201
140 492
575 877
289 596
13 979
358 910
374 931
291 539
572 717
305 485
185 847
112 372
196 414
169 371
259 268
104 272
649 747
38 124
99 343
265 670
201 631
814 958
539 699
134 404
28 685
835 976
271 599
659 720
747 943
649 897
55 158
146 916
497 558
571 737
42 797
894 951
166 451
26 575
433 572
154 570
58 982
824 890
289 537
761 834
294 698
596 936
502 833
777 923
138 570
8 315
76 838
557 643
99 936
448 565
135 817
189 631
264 591
268 414
127 720
180 210
670 897
182 493
226 431
640 701
109 155
469 970
150 837
170 471
188 628
293 784
594 908
102 142
359 367
439 745
567 594
31 416
105 254
539 552
495 699
593 596
269 931
587 750
492 506
556 778
252 503
240 454
57 226
325 685
414 634
222 684
702 956
372 705
361 889
381 696
397 557
264 272
90 906
350 732
383 639
5 599
502 712
545 672
800 938
558 649
138 953
295 834
716 814
199 536
549 943
340 429
754 976
62 307
497 998
343 414
520 964
314 457
646 770
324 767
171 620
201 409
264 953
595 610
13 714
363 905
389 720
407 814
117 946
631 649
405 697
142 363
390 414
88 919
344 544
497 716
147 234
240 894
212 596
591 949
513 943
13 199
23 545
293 295
17 360
42 365
62 676
42 732
581 865
649 973
544 749
581 778
38 299
437 866
109 829
744 781
495 499
670 789
256 621
790 796
269 271
845 906
633 945
521 708
815 974
631 973
625 972
407 950
749 930
127 657
214 386
139 942
421 951
864 943
379 958
205 625
363 635
31 634
640 744
135 422
851 894
196 757
56 344
103 575
708 720
213 579
438 725
272 708
214 467
114 961
51 655
107 946
444 545
114 712
395 498
518 900
77 423
256 732
539 666
14 930
588 697
501 523
930 936
118 716
596 961
81 721
281 952
513 558
317 350
17 522
252 661
98 315
211 664
596 714
387 659
8 133
55 834
61 634
449 894
42 780
702 712
552 716
291 750
17 641
384 838
117 732
570 903
339 750
375 790
563 737
264 424
250 699
394 815
41 259
52 258
643 890
129 851
63 685
272 396
226 865
13 702
139 841
587 698
436 858
314 424
496 838
82 797
489 585
561 593
265 923
485 548
629 659
544 834
758 983
61 372
740 742
198 393
376 414
439 923
147 152
88 979
32 777
391 570
87 411
376 603
451 886
684 803
451 1001
293 716
166 953
61 903
42 505
422 712
36 376
389 903
82 136
350 640
211 368
748 789
81 750
600 754
358 643
751 875
380 515
524 588
364 485
28 790
6 114
58 854
6 451
59 504
396 596
144 743
179 567
25 294
210 549
44 851
21 736
176 628
202 630
454 974
166 716
707 840
586 997
202 408
112 984
743 999
381 864
578 1001
396 717
343 735
496 897
147 154
129 360
510 974
268 584
82 591
107 544
342 633
6 196
61 894
17 171
800 970
9 124
553 754
662 845
641 966
394 886
749 864
344 956
524 945
275 763
373 515
243 717
567 658
314 513
104 833
133 647
594 630
154 961
272 716
545 870
765 791
238 604
176 949
381 754
133 847
625 730
205 646
295 803
570 835
389 695
8 753
94 905
61 695
753 993
578 817
516 649
175 365
103 493
516 537
106 953
59 502
218 945
64 834
7 995
189 391
432 825
272 414
516 753
407 812
102 203
198 216
133 199
13 414
61 510
668 705
387 847
201 758
243 940
79 893
631 761
641 814
666 732
235 601
379 510
271 448
23 877
142 237
36 264
530 946
757 766
409 433
240 557
38 490
780 945
792 817
849 855
226 262
19 949
42 350
521 713
381 596
171 770
88 505
288 419
306 966
33 934
174 849
118 714
196 495
194 557
424 879
117 763
510 643
81 291
124 478
454 640
214 267
581 784
372 387
414 894
350 841
383 886
709 979
57 498
894 999
327 537
473 582
250 902
41 867
649 692
117 761
466 467
64 118
117 714
214 883
170 552
497 544
640 720
316 604
397 451
587 859
258 647
116 291
452 488
702 865
352 838
66 367
215 503
445 565
107 268
75 188
242 468
510 520
409 550
621 739
358 974
596 641
36 815
570 714
372 953
268 936
429 859
731 943
36 429
376 649
106 132
756 784
250 773
235 540
449 961
11 200
99 358
197 525
437 492
701 712
171 536
492 614
122 649
68 389
36 643
199 864
107 953
530 594
717 936
76 871
343 520
70 556
522 570
527 835
894 903
46 474
126 980
343 382
81 189
154 407
82 973
260 836
42 701
649 903
264 350
704 994
64 82
45 164
214 556
226 565
358 387
343 530
376 763
136 533
154 189
61 495
210 315
349 733
171 381
82 268
34 379
705 753
170 268
485 908
118 264
391 794
42 536
264 701
446 978
270 312
137 274
129 722
426 530
505 603
743 841
382 599
448 589
36 527
527 597
809 881
426 773
16 66
452 485
416 976
268 974
42 218
82 451
194 240
407 549
370 408
714 994
105 829
74 415
220 656
552 936
632 643
553 573
677 835
594 709
297 368
381 563
