6 1456    1744    920     
6 1457    1745    922     
6 1459    1747    954     
6 1460    1776    921     
6 1461    1777    923     
6 1463    1779    955     
6 3879    5939    5911    
7 1456    6544    2840    
7 1457    6545    2842    
7 1459    6547    2906    
7 1460    6608    2841    
7 1461    6609    2843    
7 1463    6611    2907    
7 3879    39507   39447   
7 35176   6700    2872    
7 35177   6701    2874    
7 35178   6702    2873    
7 35179   6703    2875    
7 35180   6764    2936    
7 35181   6765    2938    
7 35182   6766    2937    
7 35183   6767    2939    
7 39344   15264   3896    
7 39345   15265   3898    
7 39347   15267   3962    
7 39348   15328   3897    
7 39349   15329   3899    
7 39351   15331   3963    
7 39352   15268   7860    
7 39353   15269   7862    
7 39355   15271   7926    
7 39356   15332   7861    
7 39357   15333   7863    
7 39359   15335   7927    
7 39584   43808   42096   
7 39585   43809   42100   
7 39587   43811   42218   
7 39588   43872   42097   
7 39589   43873   42101   
7 39591   43875   42219   
7 39596   43876   42220   
7 39597   43877   42222   
7 39604   44000   42099   
7 39605   44001   42103   
7 39606   44002   42221   
7 39607   44003   42223   
7 39664   43944   43888   
7 39665   43945   43889   
7 39666   43946   43892   
7 39667   43947   43893   
7 39673   43949   43891   
7 39674   43950   43894   
7 39675   43951   43895   
7 39856   48032   42412   
7 39857   48033   42414   
7 39859   48035   42478   
7 39860   48096   42413   
7 39861   48097   42415   
7 39863   48099   42479   
7 39864   48036   44460   
7 39865   48037   44462   
7 39867   48039   44526   
7 39868   48100   44461   
7 39869   48101   44463   
7 39871   48103   44527   
7 48020   111584  58931   
7 48021   111585  58935   
7 48022   111586  58997   
7 48023   111587  59063   
7 48030   111590  59126   
7 48031   111591  61111   
7 48052   113632  58995   
7 48053   113633  58999   
7 48055   113635  59127   
7 48063   113639  61175   
7 104086  42482   42422   
7 104087  42483   42423   
7 104100  44400   44340   
7 104101  44401   44341   
7 104118  44530   44470   
7 104119  44531   44471   
7 111558  111978  59065   
7 111563  111919  59069   
7 111591  114027  113967  
7 112459  111679  58943   
7 112460  111740  59066   
7 112461  111741  59070   
7 112462  111742  59067   
7 112463  111743  59071   
7 112468  111864  61112   
7 112469  111865  61116   
7 112470  111866  61113   
7 112471  111867  61117   
7 112478  111870  61115   
7 112479  111871  61119   
7 112481  113721  59004   
7 112483  113723  59005   
7 112485  113785  59132   
7 112487  113787  59133   
7 112491  113727  59007   
7 112492  113788  59130   
7 112493  113789  59134   
7 112494  113790  59131   
7 112495  113791  59135   
7 112500  113912  61176   
7 112501  113913  61180   
7 112502  113914  61177   
7 112503  113915  61181   
7 112510  113918  61179   
7 112511  113919  61183   
7 114656  114488  59324   
7 127806  376038  59325   
7 127862  376042  120443  
7 127870  376046  120699  
7 127998  376302  128891  
7 255605  380153  378358  
7 255607  380155  378366  
7 255613  380157  378359  
7 255615  380159  378367  
7 255925  384497  380731  
7 255927  384499  380795  
7 262136  393148  259963  
