0 0 0
0 1 1
0 2 2
0 3 3
0 4 3
0 5 2
0 6 3
0 7 4
0 8 4
0 9 5
0 10 6
1 0 1
1 1 0
1 2 1
1 3 2
1 4 2
1 5 1
1 6 2
1 7 3
1 8 3
1 9 4
1 10 5
2 0 2
2 1 1
2 2 0
2 3 1
2 4 1
2 5 2
2 6 1
2 7 2
2 8 2
2 9 3
2 10 4
3 0 3
3 1 2
3 2 1
3 3 0
3 4 2
3 5 3
3 6 2
3 7 1
3 8 3
3 9 2
3 10 3
4 0 3
4 1 2
4 2 1
4 3 2
4 4 0
4 5 3
4 6 2
4 7 1
4 8 3
4 9 2
4 10 3
5 0 2
5 1 1
5 2 2
5 3 3
5 4 3
5 5 0
5 6 1
5 7 2
5 8 2
5 9 3
5 10 4
6 0 3
6 1 2
6 2 1
6 3 2
6 4 2
6 5 1
6 6 0
6 7 1
6 8 1
6 9 2
6 10 3
7 0 4
7 1 3
7 2 2
7 3 1
7 4 1
7 5 2
7 6 1
7 7 0
7 8 2
7 9 1
7 10 2
8 0 4
8 1 3
8 2 2
8 3 3
8 4 3
8 5 2
8 6 1
8 7 2
8 8 0
8 9 1
8 10 2
9 0 5
9 1 4
9 2 3
9 3 2
9 4 2
9 5 3
9 6 2
9 7 1
9 8 1
9 9 0
9 10 1
10 0 6
10 1 5
10 2 4
10 3 3
10 4 3
10 5 4
10 6 3
10 7 2
10 8 2
10 9 1
10 10 0
