0 0 0
0 1 1
0 2 2
0 3 3
0 4 4
0 5 3
0 6 2
0 7 3
0 8 4
0 9 3
0 10 4
0 11 5
0 12 4
0 13 5
0 14 4
0 15 5
0 16 5
0 17 6
0 18 6
0 19 7
0 20 6
0 21 4
0 22 5
0 23 6
0 24 7
0 25 6
0 26 5
0 27 6
0 28 7
0 29 7
0 30 8
0 31 8
0 32 9
0 33 10
1 0 1
1 1 0
1 2 1
1 3 2
1 4 3
1 5 2
1 6 1
1 7 2
1 8 3
1 9 2
1 10 3
1 11 4
1 12 3
1 13 4
1 14 3
1 15 4
1 16 4
1 17 5
1 18 5
1 19 6
1 20 5
1 21 3
1 22 4
1 23 5
1 24 6
1 25 5
1 26 4
1 27 5
1 28 6
1 29 6
1 30 7
1 31 7
1 32 8
1 33 9
2 0 2
2 1 1
2 2 0
2 3 1
2 4 2
2 5 1
2 6 2
2 7 1
2 8 2
2 9 1
2 10 2
2 11 3
2 12 2
2 13 3
2 14 2
2 15 3
2 16 3
2 17 4
2 18 4
2 19 5
2 20 4
2 21 2
2 22 3
2 23 4
2 24 5
2 25 4
2 26 3
2 27 4
2 28 5
2 29 5
2 30 6
2 31 6
2 32 7
2 33 8
3 0 3
3 1 2
3 2 1
3 3 0
3 4 1
3 5 2
3 6 3
3 7 2
3 8 1
3 9 2
3 10 1
3 11 2
3 12 3
3 13 2
3 14 3
3 15 2
3 16 2
3 17 3
3 18 3
3 19 4
3 20 3
3 21 3
3 22 2
3 23 3
3 24 4
3 25 3
3 26 4
3 27 3
3 28 4
3 29 4
3 30 5
3 31 5
3 32 6
3 33 7
4 0 4
4 1 3
4 2 2
4 3 1
4 4 0
4 5 3
4 6 4
4 7 3
4 8 2
4 9 3
4 10 2
4 11 1
4 12 4
4 13 3
4 14 4
4 15 3
4 16 3
4 17 2
4 18 4
4 19 3
4 20 4
4 21 4
4 22 3
4 23 4
4 24 3
4 25 2
4 26 5
4 27 4
4 28 3
4 29 5
4 30 4
4 31 4
4 32 5
4 33 6
5 0 3
5 1 2
5 2 1
5 3 2
5 4 3
5 5 0
5 6 3
5 7 2
5 8 1
5 9 2
5 10 3
5 11 2
5 12 3
5 13 2
5 14 3
5 15 2
5 16 4
5 17 3
5 18 5
5 19 4
5 20 3
5 21 1
5 22 2
5 23 3
5 24 4
5 25 3
5 26 4
5 27 3
5 28 4
5 29 4
5 30 5
5 31 5
5 32 6
5 33 7
6 0 2
6 1 1
6 2 2
6 3 3
6 4 4
6 5 3
6 6 0
6 7 1
6 8 2
6 9 1
6 10 2
6 11 3
6 12 2
6 13 3
6 14 2
6 15 3
6 16 3
6 17 4
6 18 4
6 19 5
6 20 4
6 21 2
6 22 3
6 23 4
6 24 5
6 25 4
6 26 3
6 27 4
6 28 5
6 29 5
6 30 6
6 31 6
6 32 7
6 33 8
7 0 3
7 1 2
7 2 1
7 3 2
7 4 3
7 5 2
7 6 1
7 7 0
7 8 1
7 9 2
7 10 1
7 11 2
7 12 1
7 13 2
7 14 1
7 15 2
7 16 2
7 17 3
7 18 3
7 19 4
7 20 3
7 21 3
7 22 2
7 23 3
7 24 4
7 25 3
7 26 2
7 27 3
7 28 4
7 29 4
7 30 5
7 31 5
7 32 6
7 33 7
8 0 4
8 1 3
8 2 2
8 3 1
8 4 2
8 5 1
8 6 2
8 7 1
8 8 0
8 9 3
8 10 2
8 11 1
8 12 2
8 13 1
8 14 2
8 15 1
8 16 3
8 17 2
8 18 4
8 19 3
8 20 2
8 21 2
8 22 1
8 23 2
8 24 3
8 25 2
8 26 3
8 27 2
8 28 3
8 29 3
8 30 4
8 31 4
8 32 5
8 33 6
9 0 3
9 1 2
9 2 1
9 3 2
9 4 3
9 5 2
9 6 1
9 7 2
9 8 3
9 9 0
9 10 1
9 11 2
9 12 3
9 13 4
9 14 1
9 15 2
9 16 2
9 17 3
9 18 3
9 19 4
9 20 5
9 21 1
9 22 2
9 23 3
9 24 4
9 25 3
9 26 2
9 27 3
9 28 4
9 29 4
9 30 5
9 31 5
9 32 6
9 33 7
10 0 4
10 1 3
10 2 2
10 3 1
10 4 2
10 5 3
10 6 2
10 7 1
10 8 2
10 9 1
10 10 0
10 11 1
10 12 2
10 13 3
10 14 2
10 15 1
10 16 1
10 17 2
10 18 2
10 19 3
10 20 4
10 21 2
10 22 1
10 23 2
10 24 3
10 25 2
10 26 3
10 27 2
10 28 3
10 29 3
10 30 4
10 31 4
10 32 5
10 33 6
11 0 5
11 1 4
11 2 3
11 3 2
11 4 1
11 5 2
11 6 3
11 7 2
11 8 1
11 9 2
11 10 1
11 11 0
11 12 3
11 13 2
11 14 3
11 15 2
11 16 2
11 17 1
11 18 3
11 19 2
11 20 3
11 21 3
11 22 2
11 23 3
11 24 2
11 25 1
11 26 4
11 27 3
11 28 2
11 29 4
11 30 3
11 31 3
11 32 4
11 33 5
12 0 4
12 1 3
12 2 2
12 3 3
12 4 4
12 5 3
12 6 2
12 7 1
12 8 2
12 9 3
12 10 2
12 11 3
12 12 0
12 13 1
12 14 2
12 15 3
12 16 1
12 17 2
12 18 2
12 19 3
12 20 2
12 21 4
12 22 3
12 23 2
12 24 3
12 25 4
12 26 3
12 27 2
12 28 3
12 29 3
12 30 4
12 31 4
12 32 5
12 33 6
13 0 5
13 1 4
13 2 3
13 3 2
13 4 3
13 5 2
13 6 3
13 7 2
13 8 1
13 9 4
13 10 3
13 11 2
13 12 1
13 13 0
13 14 3
13 15 2
13 16 2
13 17 1
13 18 3
13 19 2
13 20 1
13 21 3
13 22 2
13 23 1
13 24 2
13 25 3
13 26 4
13 27 3
13 28 2
13 29 2
13 30 3
13 31 3
13 32 4
13 33 5
14 0 4
14 1 3
14 2 2
14 3 3
14 4 4
14 5 3
14 6 2
14 7 1
14 8 2
14 9 1
14 10 2
14 11 3
14 12 2
14 13 3
14 14 0
14 15 1
14 16 1
14 17 2
14 18 2
14 19 3
14 20 4
14 21 2
14 22 1
14 23 2
14 24 3
14 25 2
14 26 1
14 27 2
14 28 3
14 29 3
14 30 4
14 31 4
14 32 5
14 33 6
15 0 5
15 1 4
15 2 3
15 3 2
15 4 3
15 5 2
15 6 3
15 7 2
15 8 1
15 9 2
15 10 1
15 11 2
15 12 3
15 13 2
15 14 1
15 15 0
15 16 2
15 17 1
15 18 3
15 19 2
15 20 3
15 21 3
15 22 2
15 23 1
15 24 2
15 25 3
15 26 2
15 27 1
15 28 2
15 29 2
15 30 3
15 31 3
15 32 4
15 33 5
16 0 5
16 1 4
16 2 3
16 3 2
16 4 3
16 5 4
16 6 3
16 7 2
16 8 3
16 9 2
16 10 1
16 11 2
16 12 1
16 13 2
16 14 1
16 15 2
16 16 0
16 17 1
16 18 1
16 19 2
16 20 3
16 21 3
16 22 2
16 23 1
16 24 2
16 25 3
16 26 2
16 27 1
16 28 2
16 29 2
16 30 3
16 31 3
16 32 4
16 33 5
17 0 6
17 1 5
17 2 4
17 3 3
17 4 2
17 5 3
17 6 4
17 7 3
17 8 2
17 9 3
17 10 2
17 11 1
17 12 2
17 13 1
17 14 2
17 15 1
17 16 1
17 17 0
17 18 2
17 19 1
17 20 2
17 21 4
17 22 3
17 23 2
17 24 1
17 25 2
17 26 3
17 27 2
17 28 1
17 29 3
17 30 2
17 31 2
17 32 3
17 33 4
18 0 6
18 1 5
18 2 4
18 3 3
18 4 4
18 5 5
18 6 4
18 7 3
18 8 4
18 9 3
18 10 2
18 11 3
18 12 2
18 13 3
18 14 2
18 15 3
18 16 1
18 17 2
18 18 0
18 19 1
18 20 4
18 21 4
18 22 3
18 23 2
18 24 3
18 25 4
18 26 3
18 27 2
18 28 3
18 29 1
18 30 2
18 31 2
18 32 3
18 33 4
19 0 7
19 1 6
19 2 5
19 3 4
19 4 3
19 5 4
19 6 5
19 7 4
19 8 3
19 9 4
19 10 3
19 11 2
19 12 3
19 13 2
19 14 3
19 15 2
19 16 2
19 17 1
19 18 1
19 19 0
19 20 3
19 21 5
19 22 4
19 23 3
19 24 2
19 25 3
19 26 4
19 27 3
19 28 2
19 29 2
19 30 1
19 31 3
19 32 2
19 33 3
20 0 6
20 1 5
20 2 4
20 3 3
20 4 4
20 5 3
20 6 4
20 7 3
20 8 2
20 9 5
20 10 4
20 11 3
20 12 2
20 13 1
20 14 4
20 15 3
20 16 3
20 17 2
20 18 4
20 19 3
20 20 0
20 21 4
20 22 3
20 23 2
20 24 1
20 25 4
20 26 5
20 27 4
20 28 3
20 29 3
20 30 2
20 31 4
20 32 3
20 33 4
21 0 4
21 1 3
21 2 2
21 3 3
21 4 4
21 5 1
21 6 2
21 7 3
21 8 2
21 9 1
21 10 2
21 11 3
21 12 4
21 13 3
21 14 2
21 15 3
21 16 3
21 17 4
21 18 4
21 19 5
21 20 4
21 21 0
21 22 1
21 23 2
21 24 3
21 25 2
21 26 3
21 27 2
21 28 3
21 29 3
21 30 4
21 31 4
21 32 5
21 33 6
22 0 5
22 1 4
22 2 3
22 3 2
22 4 3
22 5 2
22 6 3
22 7 2
22 8 1
22 9 2
22 10 1
22 11 2
22 12 3
22 13 2
22 14 1
22 15 2
22 16 2
22 17 3
22 18 3
22 19 4
22 20 3
22 21 1
22 22 0
22 23 1
22 24 2
22 25 1
22 26 2
22 27 1
22 28 2
22 29 2
22 30 3
22 31 3
22 32 4
22 33 5
23 0 6
23 1 5
23 2 4
23 3 3
23 4 4
23 5 3
23 6 4
23 7 3
23 8 2
23 9 3
23 10 2
23 11 3
23 12 2
23 13 1
23 14 2
23 15 1
23 16 1
23 17 2
23 18 2
23 19 3
23 20 2
23 21 2
23 22 1
23 23 0
23 24 1
23 25 2
23 26 3
23 27 2
23 28 1
23 29 1
23 30 2
23 31 2
23 32 3
23 33 4
24 0 7
24 1 6
24 2 5
24 3 4
24 4 3
24 5 4
24 6 5
24 7 4
24 8 3
24 9 4
24 10 3
24 11 2
24 12 3
24 13 2
24 14 3
24 15 2
24 16 2
24 17 1
24 18 3
24 19 2
24 20 1
24 21 3
24 22 2
24 23 1
24 24 0
24 25 3
24 26 4
24 27 3
24 28 2
24 29 2
24 30 1
24 31 3
24 32 2
24 33 3
25 0 6
25 1 5
25 2 4
25 3 3
25 4 2
25 5 3
25 6 4
25 7 3
25 8 2
25 9 3
25 10 2
25 11 1
25 12 4
25 13 3
25 14 2
25 15 3
25 16 3
25 17 2
25 18 4
25 19 3
25 20 4
25 21 2
25 22 1
25 23 2
25 24 3
25 25 0
25 26 3
25 27 2
25 28 1
25 29 3
25 30 2
25 31 2
25 32 3
25 33 4
26 0 5
26 1 4
26 2 3
26 3 4
26 4 5
26 5 4
26 6 3
26 7 2
26 8 3
26 9 2
26 10 3
26 11 4
26 12 3
26 13 4
26 14 1
26 15 2
26 16 2
26 17 3
26 18 3
26 19 4
26 20 5
26 21 3
26 22 2
26 23 3
26 24 4
26 25 3
26 26 0
26 27 1
26 28 2
26 29 2
26 30 3
26 31 3
26 32 4
26 33 5
27 0 6
27 1 5
27 2 4
27 3 3
27 4 4
27 5 3
27 6 4
27 7 3
27 8 2
27 9 3
27 10 2
27 11 3
27 12 2
27 13 3
27 14 2
27 15 1
27 16 1
27 17 2
27 18 2
27 19 3
27 20 4
27 21 2
27 22 1
27 23 2
27 24 3
27 25 2
27 26 1
27 27 0
27 28 1
27 29 1
27 30 2
27 31 2
27 32 3
27 33 4
28 0 7
28 1 6
28 2 5
28 3 4
28 4 3
28 5 4
28 6 5
28 7 4
28 8 3
28 9 4
28 10 3
28 11 2
28 12 3
28 13 2
28 14 3
28 15 2
28 16 2
28 17 1
28 18 3
28 19 2
28 20 3
28 21 3
28 22 2
28 23 1
28 24 2
28 25 1
28 26 2
28 27 1
28 28 0
28 29 2
28 30 1
28 31 1
28 32 2
28 33 3
29 0 7
29 1 6
29 2 5
29 3 4
29 4 5
29 5 4
29 6 5
29 7 4
29 8 3
29 9 4
29 10 3
29 11 4
29 12 3
29 13 2
29 14 3
29 15 2
29 16 2
29 17 3
29 18 1
29 19 2
29 20 3
29 21 3
29 22 2
29 23 1
29 24 2
29 25 3
29 26 2
29 27 1
29 28 2
29 29 0
29 30 1
29 31 1
29 32 2
29 33 3
30 0 8
30 1 7
30 2 6
30 3 5
30 4 4
30 5 5
30 6 6
30 7 5
30 8 4
30 9 5
30 10 4
30 11 3
30 12 4
30 13 3
30 14 4
30 15 3
30 16 3
30 17 2
30 18 2
30 19 1
30 20 2
30 21 4
30 22 3
30 23 2
30 24 1
30 25 2
30 26 3
30 27 2
30 28 1
30 29 1
30 30 0
30 31 2
30 32 1
30 33 2
31 0 8
31 1 7
31 2 6
31 3 5
31 4 4
31 5 5
31 6 6
31 7 5
31 8 4
31 9 5
31 10 4
31 11 3
31 12 4
31 13 3
31 14 4
31 15 3
31 16 3
31 17 2
31 18 2
31 19 3
31 20 4
31 21 4
31 22 3
31 23 2
31 24 3
31 25 2
31 26 3
31 27 2
31 28 1
31 29 1
31 30 2
31 31 0
31 32 1
31 33 2
32 0 9
32 1 8
32 2 7
32 3 6
32 4 5
32 5 6
32 6 7
32 7 6
32 8 5
32 9 6
32 10 5
32 11 4
32 12 5
32 13 4
32 14 5
32 15 4
32 16 4
32 17 3
32 18 3
32 19 2
32 20 3
32 21 5
32 22 4
32 23 3
32 24 2
32 25 3
32 26 4
32 27 3
32 28 2
32 29 2
32 30 1
32 31 1
32 32 0
32 33 1
33 0 10
33 1 9
33 2 8
33 3 7
33 4 6
33 5 7
33 6 8
33 7 7
33 8 6
33 9 7
33 10 6
33 11 5
33 12 6
33 13 5
33 14 6
33 15 5
33 16 5
33 17 4
33 18 4
33 19 3
33 20 4
33 21 6
33 22 5
33 23 4
33 24 3
33 25 4
33 26 5
33 27 4
33 28 3
33 29 3
33 30 2
33 31 2
33 32 1
33 33 0
