0 0 0 0 0 1 7 0 0 0 0 0 
0 1 1 1 1 2 5 0 0 1 0 1 
0 2 3 3 2 3 4 0 0 3 0 3 
0 3 7 67 7 2 4 0 0 17 0 6 
0 4 11 7 3 3 3 0 0 6 0 8 
0 5 12 68 8 2 3 0 0 19 0 11 
0 6 13 69 9 3 3 0 0 21 0 13 
0 7 15 71 10 4 3 0 0 24 0 16 
0 8 30 198 20 2 3 0 0 64 0 20 
0 9 31 199 21 3 3 0 0 66 0 22 
0 10 63 2247 58 2 3 0 0 213 0 25 
0 11 75 15 4 3 2 0 0 9 0 27 
0 12 76 76 11 4 2 0 0 28 0 30 
0 13 77 77 12 5 2 0 0 32 0 34 
0 14 79 79 13 4 2 0 0 37 0 39 
0 15 86 202 22 4 2 0 0 69 0 43 
0 16 87 203 23 4 2 0 0 73 0 47 
0 17 94 206 24 5 2 0 0 77 0 51 
0 18 95 207 25 5 2 0 0 82 0 56 
0 19 116 2248 59 3 2 0 0 215 0 61 
0 20 117 2249 60 5 2 0 0 218 0 64 
0 21 119 2251 61 5 2 0 0 223 0 69 
0 22 127 2255 62 4 2 0 0 228 0 74 
0 23 222 462 38 3 2 0 0 141 0 78 
0 24 223 463 39 3 2 0 0 144 0 81 
0 25 235 2319 71 3 2 0 0 264 0 84 
0 26 236 2380 84 2 2 0 0 317 0 87 
0 27 237 2381 85 4 2 0 0 319 0 89 
0 28 239 2383 86 4 2 0 0 323 0 93 
0 29 254 2510 105 4 2 0 0 421 0 97 
0 30 255 2511 106 4 2 0 0 425 0 101 
0 31 507 6543 189 3 2 0 0 846 0 105 
0 32 511 6607 199 3 2 0 0 888 0 108 
0 33 1023 39375 359 2 2 0 0 1702 0 111 
0 34 1099 31 5 3 1 0 0 12 0 113 
0 35 1100 92 14 4 1 0 0 41 0 116 
0 36 1101 93 15 5 1 0 0 45 0 120 
0 37 1103 95 16 4 1 0 0 50 0 125 
0 38 1108 216 26 3 1 0 0 87 0 129 
0 39 1109 217 27 3 1 0 0 90 0 132 
0 40 1110 218 28 6 1 0 0 93 0 135 
0 41 1111 219 29 6 1 0 0 99 0 141 
0 42 1118 222 30 5 1 0 0 105 0 147 
0 43 1119 223 31 5 1 0 0 110 0 152 
0 44 1140 2264 63 4 1 0 0 232 0 157 
0 45 1141 2265 64 5 1 0 0 236 0 161 
0 46 1143 2267 65 5 1 0 0 241 0 166 
0 47 1151 2271 66 4 1 0 0 246 0 171 
0 48 1182 470 40 4 1 0 0 147 0 175 
0 49 1183 471 41 4 1 0 0 151 0 179 
0 50 1184 2320 72 2 1 0 0 267 0 183 
0 51 1185 2321 73 4 1 0 0 269 0 185 
0 52 1187 2323 74 5 1 0 0 273 0 189 
0 53 1191 2387 87 3 1 0 0 327 0 194 
0 54 1194 2326 75 5 1 0 0 278 0 197 
0 55 1195 2327 76 6 1 0 0 283 0 202 
0 56 1196 2388 88 4 1 0 0 330 0 208 
0 57 1197 2389 89 4 1 0 0 334 0 212 
0 58 1198 2390 90 7 1 0 0 338 0 216 
0 59 1199 2391 91 7 1 0 0 345 0 223 
0 60 1214 2518 107 4 1 0 0 429 0 230 
0 61 1215 2519 108 4 1 0 0 433 0 234 
0 62 1246 478 42 5 1 0 0 155 0 238 
0 63 1247 479 43 5 1 0 0 160 0 243 
0 64 1259 2335 77 4 1 0 0 289 0 248 
0 65 1260 2396 92 5 1 0 0 352 0 252 
0 66 1261 2397 93 7 1 0 0 357 0 257 
0 67 1263 2399 94 5 1 0 0 364 0 264 
0 68 1268 2520 109 6 1 0 0 437 0 269 
0 69 1269 2521 110 6 1 0 0 443 0 275 
0 70 1270 2522 111 7 1 0 0 449 0 281 
0 71 1271 2523 112 7 1 0 0 456 0 288 
0 72 1278 2526 113 6 1 0 0 463 0 295 
0 73 1279 2527 114 6 1 0 0 469 0 301 
0 74 1456 2840 127 3 1 0 0 539 0 307 
0 75 1457 2842 129 6 1 0 0 546 0 310 
0 76 1459 2906 145 5 1 0 0 634 0 316 
0 77 1460 2841 128 4 1 0 0 542 0 321 
0 78 1461 2843 130 6 1 0 0 552 0 325 
0 79 1463 2907 146 5 1 0 0 639 0 331 
0 80 1465 6549 190 5 1 0 0 849 0 336 
0 81 1467 6551 191 6 1 0 0 854 0 341 
0 82 1468 6612 200 6 1 0 0 891 0 347 
0 83 1469 6613 201 7 1 0 0 897 0 353 
0 84 1471 6615 202 6 1 0 0 904 0 360 
0 85 1531 6559 192 4 1 0 0 860 0 366 
0 86 1532 6620 203 5 1 0 0 910 0 370 
0 87 1533 6621 204 6 1 0 0 915 0 375 
0 88 1535 6623 205 5 1 0 0 921 0 381 
0 89 1972 39376 360 3 1 0 0 1704 0 386 
0 90 1973 39377 361 5 1 0 0 1707 0 389 
0 91 1975 39379 362 5 1 0 0 1712 0 394 
0 92 1983 39383 363 5 1 0 0 1717 0 399 
0 93 2047 39391 364 4 1 0 0 1722 0 404 
0 94 3294 990 50 3 1 0 0 189 0 408 
0 95 3295 991 51 3 1 0 0 192 0 411 
0 96 3306 2846 131 5 1 0 0 558 0 414 
0 97 3307 2847 132 5 1 0 0 563 0 419 
0 98 3308 2908 147 4 1 0 0 644 0 424 
0 99 3309 2909 148 4 1 0 0 648 0 428 
0 100 3310 2910 149 6 1 0 0 652 0 432 
0 101 3311 2911 150 6 1 0 0 658 0 438 
0 102 3326 3038 165 4 1 0 0 744 0 444 
0 103 3327 3039 166 4 1 0 0 748 0 448 
0 104 3440 6808 215 2 1 0 0 968 0 452 
0 105 3441 6809 216 5 1 0 0 970 0 454 
0 106 3443 6811 217 5 1 0 0 975 0 459 
0 107 3447 6875 238 3 1 0 0 1092 0 464 
0 108 3448 6812 218 3 1 0 0 980 0 467 
0 109 3449 6813 219 7 1 0 0 983 0 470 
0 110 3451 6815 220 5 1 0 0 990 0 477 
0 111 3452 6876 239 5 1 0 0 1095 0 482 
0 112 3453 6877 240 7 1 0 0 1100 0 487 
0 113 3455 6879 241 5 1 0 0 1107 0 494 
0 114 3576 7068 255 3 1 0 0 1185 0 499 
0 115 3577 7069 256 5 1 0 0 1188 0 502 
0 116 3578 7070 257 6 1 0 0 1193 0 507 
0 117 3579 7071 258 6 1 0 0 1199 0 513 
0 118 3582 7134 275 5 1 0 0 1301 0 519 
0 119 3583 7135 276 5 1 0 0 1306 0 524 
0 120 3873 39441 370 2 1 0 0 1744 0 529 
0 121 3875 39443 371 3 1 0 0 1746 0 531 
0 122 3879 39447 372 5 1 0 0 1749 0 534 
0 123 3885 39509 386 3 1 0 0 1812 0 539 
0 124 3887 39511 387 4 1 0 0 1815 0 542 
0 125 3903 39639 414 3 1 0 0 1969 0 546 
0 126 3947 39455 373 4 1 0 0 1754 0 549 
0 127 3948 39516 388 4 1 0 0 1819 0 553 
0 128 3949 39517 389 6 1 0 0 1823 0 557 
0 129 3950 39518 390 4 1 0 0 1829 0 563 
0 130 3951 39519 391 6 1 0 0 1833 0 567 
0 131 3958 39642 415 5 1 0 0 1972 0 573 
0 132 3959 39643 416 5 1 0 0 1977 0 578 
0 133 3966 39646 417 6 1 0 0 1982 0 583 
0 134 3967 39647 418 6 1 0 0 1988 0 589 
0 135 4094 39902 437 4 1 0 0 2098 0 595 
0 136 4095 39903 438 4 1 0 0 2102 0 599 
0 137 7672 15260 323 2 1 0 0 1551 0 603 
0 138 7673 15261 324 4 1 0 0 1553 0 605 
0 139 7675 15263 325 4 1 0 0 1557 0 609 
0 140 7679 15327 332 3 1 0 0 1590 0 613 
0 141 7902 41950 475 3 1 0 0 2269 0 616 
0 142 7903 41951 476 3 1 0 0 2272 0 619 
0 143 7915 43807 531 3 1 0 0 2537 0 622 
0 144 7916 43868 537 2 1 0 0 2563 0 625 
0 145 7917 43869 538 4 1 0 0 2565 0 627 
0 146 7919 43871 539 5 1 0 0 2569 0 631 
0 147 7934 43998 555 4 1 0 0 2667 0 636 
0 148 7935 43999 556 4 1 0 0 2671 0 640 
0 149 8185 48029 637 3 1 0 0 3135 0 644 
0 150 8187 48031 638 5 1 0 0 3138 0 647 
0 151 8191 48095 651 4 1 0 0 3210 0 652 
0 152 16350 111582 789 2 1 0 0 3945 0 656 
0 153 16351 111583 790 3 1 0 0 3947 0 658 
0 154 16383 113631 818 3 1 0 0 4075 0 661 
0 155 32767 375775 937 2 1 0 0 4665 0 664 
1 156 33867 63 6 2 6 142 0 15 0 666 
0 157 33868 124 17 3 4 0 0 54 0 668 
1 158 33869 125 18 4 4 143 2 57 2 671 
1 159 33871 127 19 3 4 144 6 61 6 675 
0 160 33876 248 32 4 3 0 0 115 0 678 
1 161 33877 249 33 4 3 145 9 119 9 682 
1 162 33878 250 34 5 3 146 13 123 13 686 
1 163 33879 251 35 5 3 147 18 128 18 691 
1 164 33886 254 36 4 3 148 23 133 23 696 
1 165 33887 255 37 4 3 149 27 137 27 700 
0 166 33908 2296 67 3 3 0 0 250 0 704 
1 167 33909 2297 68 4 3 162 73 253 31 707 
1 168 33911 2299 69 4 3 163 77 257 35 711 
1 169 33919 2303 70 3 3 164 81 261 39 715 
1 170 33942 498 44 3 4 150 31 165 42 718 
1 171 33943 499 45 3 4 151 34 168 45 721 
1 172 33950 502 46 5 2 152 37 171 48 724 
1 173 33951 503 47 5 2 153 42 176 53 729 
0 174 33952 2352 78 3 2 0 0 293 0 734 
0 175 33953 2353 79 5 2 0 0 296 0 737 
1 176 33955 2355 80 4 2 165 84 301 58 742 
0 177 33956 2416 95 4 2 0 0 369 0 746 
1 178 33957 2417 96 6 2 168 96 373 62 750 
1 179 33959 2419 97 4 2 169 102 379 68 756 
0 180 33962 2358 81 4 2 0 0 305 0 760 
1 181 33963 2359 82 5 2 166 88 309 72 764 
1 182 33964 2420 98 6 2 170 106 383 77 769 
1 183 33965 2421 99 6 2 171 112 389 83 775 
1 184 33966 2422 100 6 2 172 118 395 89 781 
1 185 33967 2423 101 6 2 173 124 401 95 787 
0 186 33972 2544 115 5 2 0 0 475 0 793 
1 187 33973 2545 116 5 2 177 144 480 101 798 
1 188 33974 2546 117 6 2 178 149 485 106 803 
1 189 33975 2547 118 6 2 179 155 491 112 809 
1 190 33982 2550 119 5 2 180 161 497 118 815 
1 191 33983 2551 120 5 2 181 166 502 123 820 
1 192 34014 510 48 4 2 154 47 181 128 825 
1 193 34015 511 49 4 2 155 51 185 132 829 
1 194 34027 2367 83 3 2 167 93 314 136 833 
1 195 34028 2428 102 4 2 174 130 407 139 836 
1 196 34029 2429 103 6 2 175 134 411 143 840 
1 197 34031 2431 104 4 2 176 140 417 149 846 
1 198 34036 2552 121 5 2 182 171 507 153 850 
1 199 34037 2553 122 5 2 183 176 512 158 855 
1 200 34038 2554 123 6 2 184 181 517 163 860 
1 201 34039 2555 124 6 2 185 187 523 169 866 
1 202 34046 2558 125 5 2 186 193 529 175 872 
1 203 34047 2559 126 5 2 187 198 534 180 877 
0 204 34224 6576 193 3 2 0 0 864 0 882 
1 205 34225 6577 194 5 2 230 419 867 185 885 
1 206 34227 6579 195 4 2 231 424 872 190 890 
0 207 34228 6640 206 4 2 0 0 926 0 894 
1 208 34229 6641 207 5 2 235 440 930 194 898 
1 209 34231 6643 208 4 2 236 445 935 199 903 
1 210 34233 6581 196 4 2 232 428 876 203 907 
1 211 34235 6583 197 5 2 233 432 880 207 911 
1 212 34236 6644 209 5 2 237 449 939 212 916 
1 213 34237 6645 210 6 2 238 454 944 217 921 
1 214 34239 6647 211 5 2 239 460 950 223 927 
1 215 34299 6591 198 3 2 234 437 885 228 932 
1 216 34300 6652 212 4 2 240 465 955 231 935 
1 217 34301 6653 213 5 2 241 469 959 235 939 
1 218 34303 6655 214 4 2 242 474 964 240 944 
0 219 34740 39408 365 3 2 0 0 1726 0 948 
1 220 34741 39409 366 4 2 367 1122 1729 244 951 
1 221 34743 39411 367 4 2 368 1126 1733 248 955 
1 222 34751 39415 368 4 2 369 1130 1737 252 959 
1 223 34815 39423 369 3 2 370 1134 1741 256 963 
1 224 35038 1006 52 3 2 156 55 195 259 966 
1 225 35039 1007 53 3 2 157 58 198 262 969 
0 226 35040 2856 133 4 2 0 0 568 0 972 
0 227 35041 2857 134 4 2 0 0 572 0 976 
1 228 35042 2858 135 7 1 188 203 576 265 980 
1 229 35043 2859 136 7 1 189 210 583 272 987 
1 230 35046 2922 151 5 2 196 251 664 279 994 
1 231 35047 2923 152 5 2 197 256 669 284 999 
1 232 35050 2862 137 6 1 190 217 590 289 1004 
1 233 35051 2863 138 6 1 191 223 596 295 1010 
1 234 35052 2924 153 4 2 198 261 674 301 1016 
1 235 35053 2925 154 4 2 199 265 678 305 1020 
1 236 35054 2926 155 7 1 200 269 682 309 1024 
1 237 35055 2927 156 7 1 201 276 689 316 1031 
1 238 35070 3054 167 4 2 210 331 752 323 1038 
1 239 35071 3055 168 4 2 211 335 756 327 1042 
1 240 35128 6820 221 3 3 243 478 995 331 1046 
1 241 35129 6821 222 5 2 244 481 998 334 1049 
1 242 35131 6823 223 5 1 245 486 1003 339 1054 
1 243 35135 6887 242 3 3 260 575 1112 344 1059 
0 244 35176 2872 139 5 1 0 0 602 0 1062 
1 245 35177 2874 141 6 1 192 229 612 347 1067 
0 246 35178 2873 140 5 1 0 0 607 0 1073 
1 247 35179 2875 142 6 1 193 235 618 353 1078 
1 248 35180 2936 157 6 1 202 283 696 359 1084 
1 249 35181 2938 159 6 1 204 295 708 365 1090 
1 250 35182 2937 158 6 1 203 289 702 371 1096 
1 251 35183 2939 160 6 1 205 301 714 377 1102 
1 252 35184 6824 224 4 2 246 491 1008 383 1108 
1 253 35185 6825 225 4 2 247 495 1012 387 1112 
1 254 35186 6826 226 7 1 248 499 1016 391 1116 
1 255 35187 6827 227 7 1 249 506 1023 398 1123 
1 256 35190 6890 243 4 2 261 578 1115 405 1130 
1 257 35191 6891 244 4 2 262 582 1119 409 1134 
1 258 35192 6828 228 7 1 250 513 1030 413 1138 
1 259 35193 6829 229 7 1 251 520 1037 420 1145 
1 260 35194 6830 230 7 1 252 527 1044 427 1152 
1 261 35195 6831 231 7 1 253 534 1051 434 1159 
1 262 35196 6892 245 7 1 263 586 1123 441 1166 
1 263 35197 6893 246 7 1 264 593 1130 448 1173 
1 264 35198 6894 247 7 1 265 600 1137 455 1180 
1 265 35199 6895 248 7 1 266 607 1144 462 1187 
1 266 35320 7084 259 4 2 273 648 1205 469 1194 
1 267 35321 7085 260 4 2 274 652 1209 473 1198 
1 268 35322 7086 261 6 1 275 656 1213 477 1202 
1 269 35323 7087 262 6 1 276 662 1219 483 1208 
1 270 35326 7150 277 4 2 289 744 1311 489 1214 
1 271 35327 7151 278 4 2 290 748 1315 493 1218 
0 272 35616 39456 374 2 4 0 0 1758 0 1222 
0 273 35617 39457 375 3 2 0 0 1760 0 1224 
0 274 35618 39458 376 5 1 0 0 1763 0 1227 
1 275 35619 39459 377 6 1 371 1137 1768 497 1232 
1 276 35622 39522 392 4 2 377 1168 1839 503 1238 
1 277 35623 39523 393 4 2 378 1172 1843 507 1242 
0 278 35626 39462 378 5 1 0 0 1774 0 1246 
1 279 35627 39463 379 6 1 372 1143 1779 511 1251 
1 280 35628 39524 394 4 2 379 1176 1847 517 1257 
1 281 35629 39525 395 4 2 380 1180 1851 521 1261 
1 282 35630 39526 396 7 1 381 1184 1855 525 1265 
1 283 35631 39527 397 7 1 382 1191 1862 532 1272 
1 284 35646 39654 419 4 2 399 1298 1994 539 1279 
1 285 35647 39655 420 4 2 400 1302 1998 543 1283 
0 286 35690 39470 380 4 1 0 0 1785 0 1287 
1 287 35691 39471 381 5 1 373 1149 1789 547 1291 
1 288 35692 39532 398 6 1 383 1198 1869 552 1296 
1 289 35693 39533 399 6 1 384 1204 1875 558 1302 
1 290 35694 39534 400 6 1 385 1210 1881 564 1308 
1 291 35695 39535 401 6 1 386 1216 1887 570 1314 
1 292 35702 39658 421 4 2 401 1306 2002 576 1320 
1 293 35703 39659 422 4 2 402 1310 2006 580 1324 
1 294 35710 39662 423 6 1 403 1314 2010 584 1328 
1 295 35711 39663 424 6 1 404 1320 2016 590 1334 
1 296 35838 39918 439 3 2 417 1402 2106 596 1340 
1 297 35839 39919 440 3 2 418 1405 2109 599 1343 
1 298 36062 1022 54 4 1 158 61 201 602 1346 
1 299 36063 1023 55 4 1 159 65 205 606 1350 
1 300 36074 2878 143 5 1 194 241 624 610 1354 
1 301 36075 2879 144 5 1 195 246 629 615 1359 
1 302 36076 2940 161 6 1 206 307 720 620 1364 
1 303 36077 2941 162 6 1 207 313 726 626 1370 
1 304 36078 2942 163 6 1 208 319 732 632 1376 
1 305 36079 2943 164 6 1 209 325 738 638 1382 
1 306 36084 3064 169 5 1 212 339 760 644 1388 
1 307 36085 3065 170 5 1 213 344 765 649 1393 
1 308 36086 3066 171 6 1 214 349 770 654 1398 
1 309 36087 3067 172 6 1 215 355 776 660 1404 
1 310 36094 3070 173 5 1 216 361 782 666 1410 
1 311 36095 3071 174 5 1 217 366 787 671 1415 
1 312 36208 6840 232 5 1 254 541 1058 676 1420 
1 313 36209 6841 233 7 1 255 546 1063 681 1425 
1 314 36211 6843 234 5 1 256 553 1070 688 1432 
1 315 36212 6904 249 5 1 267 614 1151 693 1437 
1 316 36213 6905 250 7 1 268 619 1156 698 1442 
1 317 36215 6907 251 5 1 269 626 1163 705 1449 
1 318 36216 6844 235 5 1 257 558 1075 710 1454 
1 319 36217 6845 236 7 1 258 563 1080 715 1459 
1 320 36219 6847 237 5 1 259 570 1087 722 1466 
1 321 36220 6908 252 5 1 270 631 1168 727 1471 
1 322 36221 6909 253 7 1 271 636 1173 732 1476 
1 323 36223 6911 254 5 1 272 643 1180 739 1483 
1 324 36272 7088 263 6 1 277 668 1225 744 1488 
1 325 36273 7089 264 6 1 278 674 1231 750 1494 
1 326 36274 7090 265 6 1 279 680 1237 756 1500 
1 327 36275 7091 266 6 1 280 686 1243 762 1506 
1 328 36276 7152 279 6 1 291 752 1319 768 1512 
1 329 36277 7153 280 6 1 292 758 1325 774 1518 
1 330 36278 7154 281 6 1 293 764 1331 780 1524 
1 331 36279 7155 282 6 1 294 770 1337 786 1530 
1 332 36280 7092 267 7 1 281 692 1249 792 1536 
1 333 36281 7093 268 7 1 282 699 1256 799 1543 
1 334 36282 7094 269 7 1 283 706 1263 806 1550 
1 335 36283 7095 270 7 1 284 713 1270 813 1557 
1 336 36284 7156 283 7 1 295 776 1343 820 1564 
1 337 36285 7157 284 7 1 296 783 1350 827 1571 
1 338 36286 7158 285 7 1 297 790 1357 834 1578 
1 339 36287 7159 286 7 1 298 797 1364 841 1585 
1 340 36344 7100 271 6 1 285 720 1277 848 1592 
1 341 36345 7101 272 6 1 286 726 1283 854 1598 
1 342 36346 7102 273 6 1 287 732 1289 860 1604 
1 343 36347 7103 274 6 1 288 738 1295 866 1610 
1 344 36348 7164 287 6 1 299 804 1371 872 1616 
1 345 36349 7165 288 6 1 300 810 1377 878 1622 
1 346 36350 7166 289 6 1 301 816 1383 884 1628 
1 347 36351 7167 290 6 1 302 822 1389 890 1634 
0 348 36641 39473 382 4 1 0 0 1794 0 1640 
1 349 36643 39475 383 5 1 374 1154 1798 896 1644 
1 350 36644 39536 402 6 1 387 1222 1893 901 1649 
1 351 36645 39537 403 6 1 388 1228 1899 907 1655 
1 352 36646 39538 404 6 1 389 1234 1905 913 1661 
1 353 36647 39539 405 6 1 390 1240 1911 919 1667 
1 354 36651 39479 384 5 1 375 1159 1803 925 1673 
1 355 36652 39540 406 7 1 391 1246 1917 930 1678 
1 356 36653 39541 407 7 1 392 1253 1924 937 1685 
1 357 36654 39542 408 7 1 393 1260 1931 944 1692 
1 358 36655 39543 409 7 1 394 1267 1938 951 1699 
1 359 36660 39664 425 6 1 405 1326 2022 958 1706 
1 360 36661 39665 426 6 1 406 1332 2028 964 1712 
1 361 36662 39666 427 7 1 407 1338 2034 970 1718 
1 362 36663 39667 428 7 1 408 1345 2041 977 1725 
1 363 36670 39670 429 6 1 409 1352 2048 984 1732 
1 364 36671 39671 430 6 1 410 1358 2054 990 1738 
1 365 36715 39487 385 4 1 376 1164 1808 996 1744 
1 366 36716 39548 410 6 1 395 1274 1945 1000 1748 
1 367 36717 39549 411 6 1 396 1280 1951 1006 1754 
1 368 36718 39550 412 6 1 397 1286 1957 1012 1760 
1 369 36719 39551 413 6 1 398 1292 1963 1018 1766 
1 370 36724 39672 431 6 1 411 1364 2060 1024 1772 
1 371 36725 39673 432 6 1 412 1370 2066 1030 1778 
1 372 36726 39674 433 7 1 413 1376 2072 1036 1784 
1 373 36727 39675 434 7 1 414 1383 2079 1043 1791 
1 374 36734 39678 435 6 1 415 1390 2086 1050 1798 
1 375 36735 39679 436 6 1 416 1396 2092 1056 1804 
1 376 36788 39920 441 5 1 419 1408 2112 1062 1810 
1 377 36789 39921 442 5 1 420 1413 2117 1067 1815 
1 378 36790 39922 443 6 1 421 1418 2122 1072 1820 
1 379 36791 39923 444 6 1 422 1424 2128 1078 1826 
1 380 36798 39926 445 6 1 423 1430 2134 1084 1832 
1 381 36799 39927 446 6 1 424 1436 2140 1090 1838 
1 382 36862 39934 447 5 1 425 1442 2146 1096 1844 
1 383 36863 39935 448 5 1 426 1447 2151 1101 1849 
0 384 39344 3896 175 3 2 0 0 792 0 1854 
1 385 39345 3898 177 5 1 218 371 798 1106 1857 
1 386 39347 3962 181 4 1 222 389 816 1111 1862 
0 387 39348 3897 176 3 2 0 0 795 0 1866 
1 388 39349 3899 178 5 1 219 376 803 1115 1869 
1 389 39351 3963 182 4 1 223 393 820 1120 1874 
1 390 39352 7860 297 5 1 309 850 1417 1124 1878 
1 391 39353 7862 299 6 1 311 860 1427 1129 1883 
1 392 39355 7926 309 5 1 321 916 1483 1135 1889 
1 393 39356 7861 298 5 1 310 855 1422 1140 1894 
1 394 39357 7863 300 6 1 312 866 1433 1145 1899 
1 395 39359 7927 310 5 1 322 921 1488 1151 1905 
1 396 39416 15276 326 5 1 335 984 1561 1156 1910 
1 397 39417 15277 327 6 1 336 989 1566 1161 1915 
1 398 39419 15279 328 5 1 337 995 1572 1167 1921 
1 399 39420 15340 333 5 1 341 1013 1593 1172 1926 
1 400 39421 15341 334 6 1 342 1018 1598 1177 1931 
1 401 39423 15343 335 5 1 343 1024 1604 1183 1937 
0 402 39572 41952 477 3 2 0 0 2275 0 1942 
1 403 39573 41953 478 4 1 451 1560 2278 1188 1945 
1 404 39574 41954 479 6 1 452 1564 2282 1192 1949 
1 405 39575 41955 480 6 1 453 1570 2288 1198 1955 
1 406 39582 41958 481 5 1 454 1576 2294 1204 1961 
1 407 39583 41959 482 5 1 455 1581 2299 1209 1966 
0 408 39584 42096 490 2 2 0 0 2336 0 1971 
1 409 39585 42100 493 5 1 463 1618 2346 1214 1973 
1 410 39587 42218 499 5 1 469 1649 2377 1219 1978 
0 411 39588 42097 491 4 2 0 0 2338 0 1983 
1 412 39589 42101 494 7 1 464 1623 2351 1224 1987 
1 413 39591 42219 500 5 1 470 1654 2382 1231 1994 
1 414 39594 43814 532 5 1 499 1801 2540 1236 1999 
1 415 39595 43815 533 5 1 500 1806 2545 1241 2004 
1 416 39596 42220 501 7 1 471 1659 2387 1246 2009 
1 417 39597 42222 503 7 1 473 1673 2401 1253 2016 
1 418 39598 43878 540 7 1 504 1824 2574 1260 2023 
1 419 39599 43879 541 7 1 505 1831 2581 1267 2030 
0 420 39604 42099 492 4 2 0 0 2342 0 2037 
1 421 39605 42103 495 5 1 465 1630 2358 1274 2041 
1 422 39606 42221 502 7 1 472 1666 2394 1279 2046 
1 423 39607 42223 504 7 1 474 1680 2408 1286 2053 
1 424 39614 44006 557 5 1 519 1917 2675 1293 2060 
1 425 39615 44007 558 5 1 520 1922 2680 1298 2065 
1 426 39644 41964 483 5 1 456 1586 2304 1303 2070 
1 427 39645 41965 484 5 1 457 1591 2309 1308 2075 
1 428 39646 41966 485 6 1 458 1596 2314 1313 2080 
1 429 39647 41967 486 6 1 459 1602 2320 1319 2086 
1 430 39657 43821 534 5 1 501 1811 2550 1325 2092 
1 431 39659 43823 535 5 1 502 1816 2555 1330 2097 
1 432 39660 43884 542 5 1 506 1838 2588 1335 2102 
1 433 39661 43885 543 7 1 507 1843 2593 1340 2107 
1 434 39663 43887 544 5 1 508 1850 2600 1347 2114 
1 435 39664 43888 545 5 1 509 1855 2605 1352 2119 
1 436 39665 43889 546 7 1 510 1860 2610 1357 2124 
1 437 39666 43892 548 7 1 512 1872 2622 1364 2131 
1 438 39667 43893 549 7 1 513 1879 2629 1371 2138 
1 439 39668 44008 559 7 1 521 1927 2685 1378 2145 
1 440 39669 44009 560 7 1 522 1934 2692 1385 2152 
1 441 39670 44010 561 7 1 523 1941 2699 1392 2159 
1 442 39671 44011 562 7 1 524 1948 2706 1399 2166 
1 443 39673 43891 547 5 1 511 1867 2617 1406 2173 
1 444 39674 43894 550 7 1 514 1886 2636 1411 2178 
1 445 39675 43895 551 7 1 515 1893 2643 1418 2185 
1 446 39676 44012 563 7 1 525 1955 2713 1425 2192 
1 447 39677 44013 564 7 1 526 1962 2720 1432 2199 
1 448 39678 44014 565 7 1 527 1969 2727 1439 2206 
1 449 39679 44015 566 7 1 528 1976 2734 1446 2213 
0 450 39856 42412 511 4 2 0 0 2445 0 2220 
1 451 39857 42414 513 6 1 481 1717 2453 1453 2224 
1 452 39859 42478 521 5 1 489 1757 2493 1459 2230 
0 453 39860 42413 512 4 2 0 0 2449 0 2235 
1 454 39861 42415 514 6 1 482 1723 2459 1464 2239 
1 455 39863 42479 522 5 1 490 1762 2498 1470 2245 
1 456 39864 44460 595 6 1 557 2123 2881 1475 2250 
1 457 39865 44462 597 7 1 559 2135 2893 1481 2256 
1 458 39867 44526 611 6 1 573 2227 2985 1488 2263 
1 459 39868 44461 596 6 1 558 2129 2887 1494 2269 
1 460 39869 44463 598 7 1 560 2142 2900 1500 2275 
1 461 39871 44527 612 6 1 574 2233 2991 1507 2282 
1 462 39928 48044 639 5 1 599 2377 3143 1513 2288 
1 463 39929 48045 640 6 1 600 2382 3148 1518 2293 
1 464 39931 48047 641 5 1 601 2388 3154 1524 2299 
1 465 39932 48108 652 5 1 611 2444 3214 1529 2304 
1 466 39933 48109 653 6 1 612 2449 3219 1534 2309 
1 467 39935 48111 654 5 1 613 2455 3225 1540 2315 
1 468 40440 15292 329 4 1 338 1000 1577 1545 2320 
1 469 40441 15293 330 5 1 339 1004 1581 1549 2324 
1 470 40443 15295 331 4 1 340 1009 1586 1554 2329 
1 471 40444 15356 336 4 1 344 1029 1609 1558 2333 
1 472 40445 15357 337 5 1 345 1033 1613 1562 2337 
1 473 40447 15359 338 4 1 346 1038 1618 1567 2342 
1 474 40670 41982 487 4 1 460 1608 2326 1571 2346 
1 475 40671 41983 488 4 1 461 1612 2330 1575 2350 
1 476 40683 43839 536 3 1 503 1821 2560 1579 2354 
1 477 40684 43900 552 5 1 516 1900 2650 1582 2357 
1 478 40685 43901 553 7 1 517 1905 2655 1587 2362 
1 479 40687 43903 554 5 1 518 1912 2662 1594 2369 
1 480 40692 44024 567 5 1 529 1983 2741 1599 2374 
1 481 40693 44025 568 5 1 530 1988 2746 1604 2379 
1 482 40694 44026 569 7 1 531 1993 2751 1609 2384 
1 483 40695 44027 570 7 1 532 2000 2758 1616 2391 
1 484 40702 44030 571 5 1 533 2007 2765 1623 2398 
1 485 40703 44031 572 5 1 534 2012 2770 1628 2403 
1 486 40880 48048 642 5 1 602 2393 3159 1633 2408 
1 487 40881 48049 643 6 1 603 2398 3164 1638 2413 
1 488 40883 48051 644 5 1 604 2404 3170 1644 2419 
1 489 40884 48112 655 5 1 614 2460 3230 1649 2424 
1 490 40885 48113 656 6 1 615 2465 3235 1654 2429 
1 491 40887 48115 657 5 1 616 2471 3241 1660 2435 
1 492 40888 48052 645 6 1 605 2409 3175 1665 2440 
1 493 40889 48053 646 7 1 606 2415 3181 1671 2446 
1 494 40891 48055 647 6 1 607 2422 3188 1678 2453 
1 495 40892 48116 658 6 1 617 2476 3246 1684 2459 
1 496 40893 48117 659 7 1 618 2482 3252 1690 2465 
1 497 40895 48119 660 6 1 619 2489 3259 1697 2472 
1 498 40952 48060 648 5 1 608 2428 3194 1703 2478 
1 499 40953 48061 649 6 1 609 2433 3199 1708 2483 
1 500 40955 48063 650 5 1 610 2439 3205 1714 2489 
1 501 40956 48124 661 5 1 620 2495 3265 1719 2494 
1 502 40957 48125 662 6 1 621 2500 3270 1724 2499 
1 503 40959 48127 663 5 1 622 2506 3276 1730 2505 
0 504 48020 58931 729 3 2 0 0 3657 0 2510 
1 505 48021 58935 730 4 1 688 2887 3660 1735 2513 
1 506 48022 58997 733 6 1 690 2894 3670 1739 2517 
1 507 48023 59063 738 6 1 695 2918 3694 1745 2523 
1 508 48030 59126 745 5 1 702 2958 3734 1751 2529 
1 509 48031 61111 759 5 1 716 3026 3802 1756 2534 
0 510 48052 58995 732 3 2 0 0 3667 0 2539 
1 511 48053 58999 734 5 1 691 2900 3676 1761 2542 
1 512 48055 59127 746 5 1 703 2963 3739 1766 2547 
1 513 48063 61175 766 4 1 723 3059 3835 1771 2552 
1 514 48086 111594 791 5 1 746 3169 3950 1775 2556 
1 515 48087 111595 792 5 1 747 3174 3955 1780 2561 
1 516 48094 111598 793 6 1 748 3179 3960 1785 2566 
1 517 48095 111599 794 6 1 749 3185 3966 1791 2572 
1 518 48116 113640 819 5 1 773 3294 4078 1797 2578 
1 519 48117 113641 820 6 1 774 3299 4083 1802 2583 
1 520 48119 113643 821 6 1 775 3305 4089 1808 2589 
1 521 48127 113647 822 5 1 776 3311 4095 1814 2595 
1 522 49118 111614 795 4 1 750 3191 3972 1819 2600 
1 523 49119 111615 796 4 1 751 3195 3976 1823 2604 
1 524 49140 113656 823 4 1 777 3316 4100 1827 2608 
1 525 49141 113657 824 5 1 778 3320 4104 1831 2612 
1 526 49143 113659 825 5 1 779 3325 4109 1836 2617 
1 527 49151 113663 826 4 1 780 3330 4114 1841 2622 
0 528 64436 375776 938 2 2 0 0 4667 0 2626 
1 529 64437 375777 939 4 1 891 3881 4669 1845 2628 
1 530 64439 375779 940 4 1 892 3885 4673 1849 2632 
1 531 64447 375783 941 4 1 893 3889 4677 1853 2636 
1 532 64511 375791 942 4 1 894 3893 4681 1857 2640 
1 533 65535 375807 943 3 1 895 3897 4685 1861 2644 
1 534 101598 2046 56 2 5 160 69 209 1864 2647 
1 535 101599 2047 57 2 5 161 71 211 1866 2649 
1 536 101610 3902 179 4 3 220 381 808 1868 2651 
1 537 101611 3903 180 4 3 221 385 812 1872 2655 
1 538 101612 3964 183 3 3 224 397 824 1876 2659 
1 539 101613 3965 184 3 3 225 400 827 1879 2662 
1 540 101614 3966 185 5 3 226 403 830 1882 2665 
1 541 101615 3967 186 5 3 227 408 835 1887 2670 
1 542 101630 4094 187 3 3 228 413 840 1892 2675 
1 543 101631 4095 188 3 3 229 416 843 1895 2678 
1 544 101736 7740 291 3 4 303 828 1395 1898 2681 
1 545 101737 7741 292 5 2 304 831 1398 1901 2684 
1 546 101739 7743 293 3 4 305 836 1403 1906 2689 
1 547 101740 7804 294 3 4 306 839 1406 1909 2692 
1 548 101741 7805 295 5 2 307 842 1409 1912 2695 
1 549 101743 7807 296 3 4 308 847 1414 1917 2700 
1 550 101744 7864 301 4 2 313 872 1439 1920 2703 
1 551 101745 7865 302 4 2 314 876 1443 1924 2707 
1 552 101746 7866 303 6 2 315 880 1447 1928 2711 
1 553 101747 7867 304 6 2 316 886 1453 1934 2717 
1 554 101750 7930 311 4 2 323 926 1493 1940 2723 
1 555 101751 7931 312 4 2 324 930 1497 1944 2727 
1 556 101752 7868 305 6 2 317 892 1459 1948 2731 
1 557 101753 7869 306 6 2 318 898 1465 1954 2737 
1 558 101754 7870 307 6 2 319 904 1471 1960 2743 
1 559 101755 7871 308 6 2 320 910 1477 1966 2749 
1 560 101756 7932 313 6 2 325 934 1501 1972 2755 
1 561 101757 7933 314 6 2 326 940 1507 1978 2761 
1 562 101758 7934 315 6 2 327 946 1513 1984 2767 
1 563 101759 7935 316 6 2 328 952 1519 1990 2773 
1 564 101880 8124 317 4 2 329 958 1525 1996 2779 
1 565 101881 8125 318 4 2 330 962 1529 2000 2783 
1 566 101882 8126 319 5 2 331 966 1533 2004 2787 
1 567 101883 8127 320 5 2 332 971 1538 2009 2792 
1 568 101886 8190 321 4 2 333 976 1543 2014 2797 
1 569 101887 8191 322 4 2 334 980 1547 2018 2801 
0 570 102176 40496 449 2 4 0 0 2156 0 2805 
0 571 102177 40497 450 3 2 0 0 2158 0 2807 
1 572 102178 40498 451 5 2 427 1452 2161 2022 2810 
1 573 102179 40499 452 5 2 428 1457 2166 2027 2815 
1 574 102182 40562 457 4 2 433 1480 2189 2032 2820 
1 575 102183 40563 458 4 2 434 1484 2193 2036 2824 
1 576 102186 40502 453 5 2 429 1462 2171 2040 2828 
1 577 102187 40503 454 5 2 430 1467 2176 2045 2833 
1 578 102188 40564 459 4 2 435 1488 2197 2050 2838 
1 579 102189 40565 460 4 2 436 1492 2201 2054 2842 
1 580 102190 40566 461 6 2 437 1496 2205 2058 2846 
1 581 102191 40567 462 6 2 438 1502 2211 2064 2852 
1 582 102206 40694 467 4 2 443 1528 2237 2070 2858 
1 583 102207 40695 468 4 2 444 1532 2241 2074 2862 
1 584 102250 40510 455 4 2 431 1472 2181 2078 2866 
1 585 102251 40511 456 4 2 432 1476 2185 2082 2870 
1 586 102252 40572 463 5 2 439 1508 2217 2086 2874 
1 587 102253 40573 464 5 2 440 1513 2222 2091 2879 
1 588 102254 40574 465 5 2 441 1518 2227 2096 2884 
1 589 102255 40575 466 5 2 442 1523 2232 2101 2889 
1 590 102262 40698 469 4 2 445 1536 2245 2106 2894 
1 591 102263 40699 470 4 2 446 1540 2249 2110 2898 
1 592 102270 40702 471 5 2 447 1544 2253 2114 2902 
1 593 102271 40703 472 5 2 448 1549 2258 2119 2907 
1 594 102398 40958 473 3 2 449 1554 2263 2124 2912 
1 595 102399 40959 474 3 2 450 1557 2266 2127 2915 
1 596 103864 15796 339 3 3 347 1042 1622 2130 2918 
1 597 103865 15797 340 5 1 348 1045 1625 2133 2921 
1 598 103867 15799 341 5 2 349 1050 1630 2138 2926 
1 599 103871 15863 345 3 3 353 1069 1649 2143 2931 
1 600 103928 15804 342 4 2 350 1055 1635 2146 2934 
1 601 103929 15805 343 6 1 351 1059 1639 2150 2938 
1 602 103931 15807 344 4 2 352 1065 1645 2156 2944 
1 603 103932 15868 346 4 2 354 1072 1652 2160 2948 
1 604 103933 15869 347 6 1 355 1076 1656 2164 2952 
1 605 103935 15871 348 4 2 356 1082 1662 2170 2958 
1 606 104011 42047 489 2 6 462 1616 2334 2174 2962 
1 607 104012 42108 496 4 2 466 1635 2363 2176 2964 
1 608 104013 42109 497 6 1 467 1639 2367 2180 2968 
1 609 104015 42111 498 4 2 468 1645 2373 2186 2974 
1 610 104020 42232 505 3 1 475 1687 2415 2190 2978 
1 611 104021 42233 506 3 1 476 1690 2418 2193 2981 
1 612 104022 42234 507 7 1 477 1693 2421 2196 2984 
1 613 104023 42235 508 7 1 478 1700 2428 2203 2991 
1 614 104030 42238 509 5 1 479 1707 2435 2210 2998 
1 615 104031 42239 510 5 1 480 1712 2440 2215 3003 
1 616 104052 44280 573 3 3 535 2017 2775 2220 3008 
1 617 104053 44281 574 5 1 536 2020 2778 2223 3011 
1 618 104055 44283 575 5 2 537 2025 2783 2228 3016 
1 619 104063 44287 576 3 3 538 2030 2788 2233 3021 
1 620 104082 42418 515 3 1 483 1729 2465 2236 3024 
1 621 104083 42419 516 3 1 484 1732 2468 2239 3027 
1 622 104086 42422 517 6 1 485 1735 2471 2242 3030 
1 623 104087 42423 518 6 1 486 1741 2477 2248 3036 
1 624 104094 42486 523 4 1 491 1767 2503 2254 3042 
1 625 104095 42487 524 4 1 492 1771 2507 2258 3046 
1 626 104096 44336 577 1 7 539 2033 2791 2262 3050 
1 627 104097 44337 578 4 1 540 2034 2792 2263 3051 
1 628 104099 44339 579 4 2 541 2038 2796 2267 3055 
1 629 104100 44340 580 4 2 542 2042 2800 2271 3059 
1 630 104101 44341 581 7 1 543 2046 2804 2275 3063 
1 631 104103 44403 587 4 2 549 2082 2840 2282 3070 
1 632 104106 44342 582 7 1 544 2053 2811 2286 3074 
1 633 104107 44343 583 7 1 545 2060 2818 2293 3081 
1 634 104108 44404 588 4 1 550 2086 2844 2300 3088 
1 635 104109 44405 589 4 1 551 2090 2848 2304 3092 
1 636 104110 44406 590 7 1 552 2094 2852 2308 3096 
1 637 104111 44407 591 7 1 553 2101 2859 2315 3103 
1 638 104114 44466 599 4 1 561 2149 2907 2322 3110 
1 639 104115 44467 600 4 1 562 2153 2911 2326 3114 
1 640 104118 44470 601 7 1 563 2157 2915 2330 3118 
1 641 104119 44471 602 7 1 564 2164 2922 2337 3125 
1 642 104126 44534 613 4 1 575 2239 2997 2344 3132 
1 643 104127 44535 614 4 1 576 2243 3001 2348 3136 
1 644 104154 42430 519 5 1 487 1747 2483 2352 3140 
1 645 104155 42431 520 5 1 488 1752 2488 2357 3145 
1 646 104156 42492 525 4 1 493 1775 2511 2362 3150 
1 647 104157 42493 526 4 1 494 1779 2515 2366 3154 
1 648 104158 42494 527 6 1 495 1783 2519 2370 3158 
1 649 104159 42495 528 6 1 496 1789 2525 2376 3164 
1 650 104168 44348 584 4 2 546 2067 2825 2382 3170 
1 651 104169 44349 585 7 1 547 2071 2829 2386 3174 
1 652 104171 44351 586 4 2 548 2078 2836 2393 3181 
1 653 104172 44412 592 4 2 554 2108 2866 2397 3185 
1 654 104173 44413 593 7 1 555 2112 2870 2401 3189 
1 655 104175 44415 594 4 2 556 2119 2877 2408 3196 
1 656 104176 44472 603 7 1 565 2171 2929 2412 3200 
1 657 104177 44473 604 7 1 566 2178 2936 2419 3207 
1 658 104178 44474 605 7 1 567 2185 2943 2426 3214 
1 659 104179 44475 606 7 1 568 2192 2950 2433 3221 
1 660 104180 44536 615 7 1 577 2247 3005 2440 3228 
1 661 104181 44537 616 7 1 578 2254 3012 2447 3235 
1 662 104182 44538 617 7 1 579 2261 3019 2454 3242 
1 663 104183 44539 618 7 1 580 2268 3026 2461 3249 
1 664 104184 44476 607 7 1 569 2199 2957 2468 3256 
1 665 104185 44477 608 7 1 570 2206 2964 2475 3263 
1 666 104186 44478 609 7 1 571 2213 2971 2482 3270 
1 667 104187 44479 610 7 1 572 2220 2978 2489 3277 
1 668 104188 44540 619 7 1 581 2275 3033 2496 3284 
1 669 104189 44541 620 7 1 582 2282 3040 2503 3291 
1 670 104190 44542 621 7 1 583 2289 3047 2510 3298 
1 671 104191 44543 622 7 1 584 2296 3054 2517 3305 
1 672 104368 48560 664 4 2 623 2511 3281 2524 3312 
1 673 104369 48561 665 6 1 624 2515 3285 2528 3316 
1 674 104371 48563 666 4 2 625 2521 3291 2534 3322 
1 675 104372 48624 673 4 2 632 2556 3326 2538 3326 
1 676 104373 48625 674 6 1 633 2560 3330 2542 3330 
1 677 104375 48627 675 4 2 634 2566 3336 2548 3336 
1 678 104376 48564 667 5 2 626 2525 3295 2552 3340 
1 679 104377 48565 668 7 1 627 2530 3300 2557 3345 
1 680 104379 48567 669 5 2 628 2537 3307 2564 3352 
1 681 104380 48628 676 5 2 635 2570 3340 2569 3357 
1 682 104381 48629 677 7 1 636 2575 3345 2574 3362 
1 683 104383 48631 678 5 2 637 2582 3352 2581 3369 
1 684 104440 48572 670 4 2 629 2542 3312 2586 3374 
1 685 104441 48573 671 6 1 630 2546 3316 2590 3378 
1 686 104443 48575 672 4 2 631 2552 3322 2596 3384 
1 687 104444 48636 679 4 2 638 2587 3357 2600 3388 
1 688 104445 48637 680 6 1 639 2591 3361 2604 3392 
1 689 104447 48639 681 4 2 640 2597 3367 2610 3398 
1 690 105976 16316 349 4 1 357 1086 1666 2614 3402 
1 691 105977 16317 350 4 1 358 1090 1670 2618 3406 
1 692 105978 16318 351 5 1 359 1094 1674 2622 3410 
1 693 105979 16319 352 5 1 360 1099 1679 2627 3415 
1 694 105982 16382 353 4 1 361 1104 1684 2632 3420 
1 695 105983 16383 354 4 1 362 1108 1688 2636 3424 
1 696 106206 43006 529 3 1 497 1795 2531 2640 3428 
1 697 106207 43007 530 3 1 498 1798 2534 2643 3431 
1 698 106208 44856 623 4 1 585 2303 3061 2646 3434 
1 699 106209 44857 624 4 1 586 2307 3065 2650 3438 
1 700 106210 44858 625 7 1 587 2311 3069 2654 3442 
1 701 106211 44859 626 7 1 588 2318 3076 2661 3449 
1 702 106214 44922 629 6 1 591 2335 3093 2668 3456 
1 703 106215 44923 630 6 1 592 2341 3099 2674 3462 
1 704 106218 44862 627 5 1 589 2325 3083 2680 3468 
1 705 106219 44863 628 5 1 590 2330 3088 2685 3473 
1 706 106220 44924 631 4 1 593 2347 3105 2690 3478 
1 707 106221 44925 632 4 1 594 2351 3109 2694 3482 
1 708 106222 44926 633 7 1 595 2355 3113 2698 3486 
1 709 106223 44927 634 7 1 596 2362 3120 2705 3493 
1 710 106238 45054 635 4 1 597 2369 3127 2712 3500 
1 711 106239 45055 636 4 1 598 2373 3131 2716 3504 
1 712 106273 48689 682 5 1 641 2601 3371 2720 3508 
1 713 106274 48690 683 4 2 642 2606 3376 2725 3513 
1 714 106275 48691 684 6 1 643 2610 3380 2729 3517 
1 715 106278 48754 693 5 1 652 2665 3435 2735 3523 
1 716 106279 48755 694 5 1 653 2670 3440 2740 3528 
1 717 106280 48692 685 4 2 644 2616 3386 2745 3533 
1 718 106281 48693 686 7 1 645 2620 3390 2749 3537 
1 719 106282 48694 687 7 1 646 2627 3397 2756 3544 
1 720 106283 48695 688 7 1 647 2634 3404 2763 3551 
1 721 106284 48756 695 7 1 654 2675 3445 2770 3558 
1 722 106285 48757 696 7 1 655 2682 3452 2777 3565 
1 723 106286 48758 697 7 1 656 2689 3459 2784 3572 
1 724 106287 48759 698 7 1 657 2696 3466 2791 3579 
1 725 106296 48820 703 6 1 662 2727 3497 2798 3586 
1 726 106297 48821 704 6 1 663 2733 3503 2804 3592 
1 727 106298 48822 705 7 1 664 2739 3509 2810 3598 
1 728 106299 48823 706 7 1 665 2746 3516 2817 3605 
1 729 106302 48886 715 6 1 674 2805 3575 2824 3612 
1 730 106303 48887 716 6 1 675 2811 3581 2830 3618 
1 731 106344 48700 689 6 1 648 2641 3411 2836 3624 
1 732 106345 48701 690 6 1 649 2647 3417 2842 3630 
1 733 106346 48702 691 6 1 650 2653 3423 2848 3636 
1 734 106347 48703 692 6 1 651 2659 3429 2854 3642 
1 735 106348 48764 699 6 1 658 2703 3473 2860 3648 
1 736 106349 48765 700 6 1 659 2709 3479 2866 3654 
1 737 106350 48766 701 6 1 660 2715 3485 2872 3660 
1 738 106351 48767 702 6 1 661 2721 3491 2878 3666 
1 739 106352 48824 707 5 1 666 2753 3523 2884 3672 
1 740 106353 48825 708 5 1 667 2758 3528 2889 3677 
1 741 106354 48826 709 7 1 668 2763 3533 2894 3682 
1 742 106355 48827 710 7 1 669 2770 3540 2901 3689 
1 743 106358 48890 717 5 1 676 2817 3587 2908 3696 
1 744 106359 48891 718 5 1 677 2822 3592 2913 3701 
1 745 106360 48828 711 7 1 670 2777 3547 2918 3706 
1 746 106361 48829 712 7 1 671 2784 3554 2925 3713 
1 747 106362 48830 713 7 1 672 2791 3561 2932 3720 
1 748 106363 48831 714 7 1 673 2798 3568 2939 3727 
1 749 106364 48892 719 7 1 678 2827 3597 2946 3734 
1 750 106365 48893 720 7 1 679 2834 3604 2953 3741 
1 751 106366 48894 721 7 1 680 2841 3611 2960 3748 
1 752 106367 48895 722 7 1 681 2848 3618 2967 3755 
1 753 106488 49084 723 5 1 682 2855 3625 2974 3762 
1 754 106489 49085 724 5 1 683 2860 3630 2979 3767 
1 755 106490 49086 725 6 1 684 2865 3635 2984 3772 
1 756 106491 49087 726 6 1 685 2871 3641 2990 3778 
1 757 106494 49150 727 5 1 686 2877 3647 2996 3784 
1 758 106495 49151 728 5 1 687 2882 3652 3001 3789 
1 759 111558 59065 739 4 1 696 2924 3700 3006 3794 
1 760 111559 111979 797 4 1 752 3199 3980 3010 3798 
1 761 111563 59069 742 6 1 699 2940 3716 3014 3802 
1 762 111564 111980 798 3 2 753 3203 3984 3020 3808 
1 763 111565 111981 799 5 1 754 3206 3987 3023 3811 
1 764 111566 111982 800 4 2 755 3211 3992 3028 3816 
1 765 111567 111983 801 7 1 756 3215 3996 3032 3820 
1 766 111582 112110 808 3 2 763 3252 4033 3039 3827 
1 767 111583 112111 809 5 1 764 3255 4036 3042 3830 
1 768 111585 113961 827 3 2 781 3334 4118 3047 3835 
1 769 111587 113963 828 4 2 782 3337 4121 3050 3838 
1 770 111591 113967 829 6 1 783 3341 4125 3054 3842 
1 771 111597 114029 840 3 2 794 3403 4187 3060 3848 
1 772 111599 114031 841 4 2 795 3406 4190 3063 3851 
1 773 111615 114159 856 3 2 810 3498 4282 3067 3855 
1 774 112459 58943 731 3 2 689 2891 3664 3070 3858 
1 775 112460 59066 740 6 1 697 2928 3704 3073 3861 
1 776 112461 59070 743 6 1 700 2946 3722 3079 3867 
1 777 112462 59067 741 6 1 698 2934 3710 3085 3873 
1 778 112463 59071 744 6 1 701 2952 3728 3091 3879 
1 779 112468 61112 760 3 1 717 3031 3807 3097 3885 
1 780 112469 61116 763 3 1 720 3045 3821 3100 3888 
1 781 112470 61113 761 6 1 718 3034 3810 3103 3891 
1 782 112471 61117 764 6 1 721 3048 3824 3109 3897 
1 783 112478 61115 762 5 1 719 3040 3816 3115 3903 
1 784 112479 61119 765 5 1 722 3054 3830 3120 3908 
1 785 112481 59004 735 4 2 692 2905 3681 3125 3913 
1 786 112483 59005 736 5 2 693 2909 3685 3129 3917 
1 787 112485 59132 749 6 1 706 2976 3752 3134 3922 
1 788 112487 59133 750 6 1 707 2982 3758 3140 3928 
1 789 112491 59007 737 4 2 694 2914 3690 3146 3934 
1 790 112492 59130 747 4 2 704 2968 3744 3150 3938 
1 791 112493 59134 751 6 1 708 2988 3764 3154 3942 
1 792 112494 59131 748 4 2 705 2972 3748 3160 3948 
1 793 112495 59135 752 6 1 709 2994 3770 3164 3952 
1 794 112500 61176 767 5 1 724 3063 3839 3170 3958 
1 795 112501 61180 770 5 1 727 3079 3855 3175 3963 
1 796 112502 61177 768 6 1 725 3068 3844 3180 3968 
1 797 112503 61181 771 6 1 728 3084 3860 3186 3974 
1 798 112510 61179 769 5 1 726 3074 3850 3192 3980 
1 799 112511 61183 772 5 1 729 3090 3866 3197 3985 
1 800 112524 111988 802 3 1 757 3222 4003 3202 3990 
1 801 112525 111989 803 3 1 758 3225 4006 3205 3993 
1 802 112526 111990 804 7 1 759 3228 4009 3208 3996 
1 803 112527 111991 805 7 1 760 3235 4016 3215 4003 
1 804 112542 112118 810 4 1 765 3260 4041 3222 4010 
1 805 112543 112119 811 4 1 766 3264 4045 3226 4014 
1 806 112545 113969 830 4 1 784 3347 4131 3230 4018 
1 807 112546 113970 831 4 2 785 3351 4135 3234 4022 
1 808 112547 113971 832 7 1 786 3355 4139 3238 4026 
1 809 112550 114034 842 5 1 796 3410 4194 3245 4033 
1 810 112551 114035 843 5 1 797 3415 4199 3250 4038 
1 811 112554 113974 833 6 1 787 3362 4146 3255 4043 
1 812 112555 113975 834 6 1 788 3368 4152 3261 4049 
1 813 112556 114036 844 4 1 798 3420 4204 3267 4055 
1 814 112557 114037 845 4 1 799 3424 4208 3271 4059 
1 815 112558 114038 846 7 1 800 3428 4212 3275 4063 
1 816 112559 114039 847 7 1 801 3435 4219 3282 4070 
1 817 112574 114166 857 4 1 811 3501 4285 3289 4077 
1 818 112575 114167 858 4 1 812 3505 4289 3293 4081 
1 819 112590 111998 806 5 1 761 3242 4023 3297 4085 
1 820 112591 111999 807 5 1 762 3247 4028 3302 4090 
1 821 112598 112122 812 4 1 767 3268 4049 3307 4095 
1 822 112599 112123 813 4 1 768 3272 4053 3311 4099 
1 823 112606 112126 814 6 1 769 3276 4057 3315 4103 
1 824 112607 112127 815 6 1 770 3282 4063 3321 4109 
1 825 112609 113977 835 6 1 789 3374 4158 3327 4115 
1 826 112610 113978 836 4 2 790 3380 4164 3333 4121 
1 827 112611 113979 837 7 1 791 3384 4168 3337 4125 
1 828 112612 114040 848 7 1 802 3442 4226 3344 4132 
1 829 112613 114041 849 7 1 803 3449 4233 3351 4139 
1 830 112614 114042 850 7 1 804 3456 4240 3358 4146 
1 831 112615 114043 851 7 1 805 3463 4247 3365 4153 
1 832 112618 113982 838 6 1 792 3391 4175 3372 4160 
1 833 112619 113983 839 6 1 793 3397 4181 3378 4166 
1 834 112620 114044 852 7 1 806 3470 4254 3384 4172 
1 835 112621 114045 853 7 1 807 3477 4261 3391 4179 
1 836 112622 114046 854 7 1 808 3484 4268 3398 4186 
1 837 112623 114047 855 7 1 809 3491 4275 3405 4193 
1 838 112628 114168 859 6 1 813 3509 4293 3412 4200 
1 839 112629 114169 860 6 1 814 3515 4299 3418 4206 
1 840 112630 114170 861 7 1 815 3521 4305 3424 4212 
1 841 112631 114171 862 7 1 816 3528 4312 3431 4219 
1 842 112638 114174 863 6 1 817 3535 4319 3438 4226 
1 843 112639 114175 864 6 1 818 3541 4325 3444 4232 
1 844 114654 112638 816 3 1 771 3288 4069 3450 4238 
1 845 114655 112639 817 3 1 772 3291 4072 3453 4241 
1 846 114656 59324 753 4 1 710 3000 3776 3456 4244 
1 847 114657 114489 865 4 1 819 3547 4331 3460 4248 
1 848 114658 114490 866 6 1 820 3551 4335 3464 4252 
1 849 114659 114491 867 6 1 821 3557 4341 3470 4258 
1 850 114662 114554 870 5 1 824 3573 4357 3476 4264 
1 851 114663 114555 871 5 1 825 3578 4362 3481 4269 
1 852 114666 114494 868 5 1 822 3563 4347 3486 4274 
1 853 114667 114495 869 5 1 823 3568 4352 3491 4279 
1 854 114668 114556 872 4 1 826 3583 4367 3496 4284 
1 855 114669 114557 873 4 1 827 3587 4371 3500 4288 
1 856 114670 114558 874 6 1 828 3591 4375 3504 4292 
1 857 114671 114559 875 6 1 829 3597 4381 3510 4298 
1 858 114686 114686 876 4 1 830 3603 4387 3516 4304 
1 859 114687 114687 877 4 1 831 3607 4391 3520 4308 
0 860 127777 375841 944 2 3 0 0 4688 0 4312 
1 861 127779 375843 945 4 2 896 3900 4690 3524 4314 
1 862 127783 375907 949 4 1 900 3915 4705 3528 4318 
1 863 127787 375847 946 4 2 897 3904 4694 3532 4322 
1 864 127789 375909 950 4 1 901 3919 4709 3536 4326 
1 865 127791 375911 951 6 1 902 3923 4713 3540 4330 
1 866 127806 59325 754 4 1 711 3004 3780 3546 4336 
1 867 127807 376039 958 4 1 909 3957 4747 3550 4340 
1 868 127851 375855 947 4 2 898 3908 4698 3554 4344 
1 869 127853 375917 952 6 1 903 3929 4719 3558 4348 
1 870 127855 375919 953 6 1 904 3935 4725 3564 4354 
1 871 127862 120443 879 5 1 833 3613 4397 3570 4360 
1 872 127863 376043 959 5 1 910 3961 4751 3575 4365 
1 873 127870 120699 890 6 1 844 3670 4454 3580 4370 
1 874 127871 376047 960 6 1 911 3966 4756 3586 4376 
1 875 127998 128891 915 4 1 869 3792 4576 3592 4382 
1 876 127999 376303 967 4 1 918 4000 4790 3596 4386 
1 877 128875 375871 948 3 2 899 3912 4702 3600 4390 
1 878 128876 375932 954 3 2 905 3941 4731 3603 4393 
1 879 128877 375933 955 5 1 906 3944 4734 3606 4396 
1 880 128878 375934 956 3 2 907 3949 4739 3611 4401 
1 881 128879 375935 957 5 1 908 3952 4742 3614 4404 
1 882 128884 376056 961 3 1 912 3972 4762 3619 4409 
1 883 128885 376057 962 3 1 913 3975 4765 3622 4412 
1 884 128886 376058 963 6 1 914 3978 4768 3625 4415 
1 885 128887 376059 964 6 1 915 3984 4774 3631 4421 
1 886 128894 376062 965 5 1 916 3990 4780 3637 4427 
1 887 128895 376063 966 5 1 917 3995 4785 3642 4432 
1 888 128958 376310 968 4 1 919 4004 4794 3647 4437 
1 889 128959 376311 969 4 1 920 4008 4798 3651 4441 
1 890 129022 376318 970 5 1 921 4012 4802 3655 4445 
1 891 129023 376319 971 5 1 922 4017 4807 3660 4450 
1 892 131070 376830 972 3 1 923 4022 4812 3665 4455 
1 893 131071 376831 973 3 1 924 4025 4815 3668 4458 
1 894 237048 32700 355 2 4 363 1112 1692 3671 4461 
1 895 237049 32701 356 3 4 364 1114 1694 3673 4463 
1 896 237051 32703 357 3 4 365 1117 1697 3676 4466 
1 897 237055 32767 358 2 4 366 1120 1700 3679 4469 
1 898 237274 59326 755 5 2 712 3008 3784 3681 4471 
1 899 237275 59327 756 5 2 713 3013 3789 3686 4476 
1 900 237278 59390 757 4 2 714 3018 3794 3691 4481 
1 901 237279 59391 758 4 2 715 3022 3798 3695 4485 
1 902 237288 61244 773 4 2 730 3095 3871 3699 4489 
1 903 237289 61245 774 6 2 731 3099 3875 3703 4493 
1 904 237291 61247 775 4 2 732 3105 3881 3709 4499 
1 905 237292 61308 776 4 2 733 3109 3885 3713 4503 
1 906 237293 61309 777 6 2 734 3113 3889 3717 4507 
1 907 237295 61311 778 4 2 735 3119 3895 3723 4513 
1 908 237304 61372 779 5 2 736 3123 3899 3727 4517 
1 909 237305 61373 780 5 2 737 3128 3904 3732 4522 
1 910 237306 61374 781 6 2 738 3133 3909 3737 4527 
1 911 237307 61375 782 6 2 739 3139 3915 3743 4533 
1 912 237310 61438 783 5 2 740 3145 3921 3749 4539 
1 913 237311 61439 784 5 2 741 3150 3926 3754 4544 
1 914 237560 65468 785 3 2 742 3155 3931 3759 4549 
1 915 237561 65469 786 4 2 743 3158 3934 3762 4552 
1 916 237563 65471 787 4 2 744 3162 3938 3766 4556 
1 917 237567 65535 788 3 2 745 3166 3942 3770 4560 
1 918 241483 120383 878 2 6 832 3611 4395 3773 4563 
1 919 241484 120444 880 5 1 834 3618 4402 3775 4565 
1 920 241485 120445 881 7 1 835 3623 4407 3780 4570 
1 921 241487 120447 882 5 1 836 3630 4414 3787 4577 
1 922 241492 120568 883 3 4 837 3635 4419 3792 4582 
1 923 241493 120569 884 5 2 838 3638 4422 3795 4585 
1 924 241494 120570 885 7 1 839 3643 4427 3800 4590 
1 925 241495 120571 886 7 1 840 3650 4434 3807 4597 
1 926 241502 120574 887 5 2 841 3657 4441 3814 4604 
1 927 241503 120575 888 5 2 842 3662 4446 3819 4609 
1 928 241524 122616 897 3 3 851 3706 4490 3824 4614 
1 929 241525 122617 898 5 2 852 3709 4493 3827 4617 
1 930 241527 122619 899 5 1 853 3714 4498 3832 4622 
1 931 241535 122623 900 3 3 854 3719 4503 3837 4627 
1 932 241611 120639 889 3 4 843 3667 4451 3840 4630 
1 933 241612 120700 891 4 2 845 3676 4460 3843 4633 
1 934 241613 120701 892 4 2 846 3680 4464 3847 4637 
1 935 241614 120702 893 7 1 847 3684 4468 3851 4641 
1 936 241615 120703 894 7 1 848 3691 4475 3858 4648 
1 937 241630 120830 895 4 2 849 3698 4482 3865 4655 
1 938 241631 120831 896 4 2 850 3702 4486 3869 4659 
1 939 241633 122681 901 4 2 855 3722 4506 3873 4663 
1 940 241634 122682 902 4 2 856 3726 4510 3877 4667 
1 941 241635 122683 903 7 1 857 3730 4514 3881 4671 
1 942 241638 122746 906 6 1 860 3747 4531 3888 4678 
1 943 241639 122747 907 6 1 861 3753 4537 3894 4684 
1 944 241642 122686 904 5 2 858 3737 4521 3900 4690 
1 945 241643 122687 905 5 2 859 3742 4526 3905 4695 
1 946 241644 122748 908 4 2 862 3759 4543 3910 4700 
1 947 241645 122749 909 4 2 863 3763 4547 3914 4704 
1 948 241646 122750 910 7 1 864 3767 4551 3918 4708 
1 949 241647 122751 911 7 1 865 3774 4558 3925 4715 
1 950 241662 122878 912 4 2 866 3781 4565 3932 4722 
1 951 241663 122879 913 4 2 867 3785 4569 3936 4726 
1 952 245707 128831 914 3 2 868 3789 4573 3940 4730 
1 953 245708 128892 916 5 1 870 3796 4580 3943 4733 
1 954 245709 128893 917 6 1 871 3801 4585 3948 4738 
1 955 245711 128895 918 5 1 872 3807 4591 3954 4744 
1 956 245720 128956 919 3 2 873 3812 4596 3959 4749 
1 957 245721 128957 920 5 1 874 3815 4599 3962 4752 
1 958 245722 128958 921 6 1 875 3820 4604 3967 4757 
1 959 245723 128959 922 6 1 876 3826 4610 3973 4763 
1 960 245726 129022 923 5 1 877 3832 4616 3979 4769 
1 961 245727 129023 924 5 1 878 3837 4621 3984 4774 
1 962 245752 131004 925 4 1 879 3842 4626 3989 4779 
1 963 245753 131005 926 5 1 880 3846 4630 3993 4783 
1 964 245755 131007 927 5 1 881 3851 4635 3998 4788 
1 965 245759 131071 928 4 1 882 3856 4640 4003 4793 
1 966 255567 377983 974 2 6 925 4028 4818 4007 4797 
1 967 255574 378106 975 3 4 926 4030 4820 4009 4799 
1 968 255575 378107 976 5 2 927 4033 4823 4012 4802 
1 969 255583 378111 977 3 4 928 4038 4828 4017 4807 
1 970 255605 378358 978 4 2 929 4041 4831 4020 4810 
1 971 255607 378366 980 5 1 931 4049 4839 4024 4814 
1 972 255613 378359 979 4 2 930 4045 4835 4029 4819 
1 973 255615 378367 981 5 1 932 4054 4844 4033 4823 
1 974 255655 380275 984 3 1 935 4065 4855 4038 4828 
1 975 255662 380278 985 4 2 936 4068 4858 4041 4831 
1 976 255663 380279 986 7 1 937 4072 4862 4045 4835 
1 977 255678 380406 988 5 1 939 4082 4872 4052 4842 
1 978 255679 380407 989 5 1 940 4087 4877 4057 4847 
1 979 255727 380287 987 3 2 938 4079 4869 4062 4852 
1 980 255734 380410 990 4 2 941 4092 4882 4065 4855 
1 981 255735 380411 991 7 1 942 4096 4886 4069 4859 
1 982 255743 380415 992 4 2 943 4103 4893 4076 4866 
1 983 255925 380731 993 6 1 944 4107 4897 4080 4870 
1 984 255927 380795 995 5 1 946 4117 4907 4086 4876 
1 985 255933 384501 1003 4 2 954 4158 4948 4091 4881 
1 986 255935 384503 1004 6 1 955 4162 4952 4095 4885 
1 987 255999 384511 1005 3 2 956 4168 4958 4101 4891 
1 988 257758 378878 982 3 2 933 4059 4849 4104 4894 
1 989 257759 378879 983 3 2 934 4062 4852 4107 4897 
1 990 257771 380735 994 4 2 945 4113 4903 4110 4900 
1 991 257772 380796 996 4 2 947 4122 4912 4114 4904 
1 992 257773 380797 997 6 1 948 4126 4916 4118 4908 
1 993 257774 380798 998 6 1 949 4132 4922 4124 4914 
1 994 257775 380799 999 6 1 950 4138 4928 4130 4920 
1 995 257787 380863 1000 4 2 951 4144 4934 4136 4926 
1 996 257790 380926 1001 5 1 952 4148 4938 4140 4930 
1 997 257791 380927 1002 5 1 953 4153 4943 4145 4935 
1 998 257905 384697 1006 3 2 957 4171 4961 4150 4940 
1 999 257907 384699 1007 5 1 958 4174 4964 4153 4943 
1 1000 257911 384763 1010 3 1 961 4188 4978 4158 4948 
1 1001 257913 384701 1008 4 2 959 4179 4969 4161 4951 
1 1002 257915 384703 1009 5 1 960 4183 4973 4165 4955 
1 1003 257916 384764 1011 5 1 962 4191 4981 4170 4960 
1 1004 257917 384765 1012 7 1 963 4196 4986 4175 4965 
1 1005 257919 384767 1013 5 1 964 4203 4993 4182 4972 
1 1006 258041 384957 1014 3 2 965 4208 4998 4187 4977 
1 1007 258042 384958 1015 6 1 966 4211 5001 4190 4980 
1 1008 258043 384959 1016 6 1 967 4217 5007 4196 4986 
1 1009 258046 385022 1017 5 1 968 4223 5013 4202 4992 
1 1010 258047 385023 1018 5 1 969 4228 5018 4207 4997 
1 1011 262136 259963 930 3 1 884 3862 4646 4212 5002 
1 1012 262137 393149 1019 4 1 970 4233 5023 4215 5005 
1 1013 262139 393151 1020 4 1 971 4237 5027 4219 5009 
1 1014 262143 393215 1021 3 1 972 4241 5031 4223 5013 
1 1015 507851 259903 929 2 6 883 3860 4644 4226 5016 
1 1016 507852 259964 931 2 3 885 3865 4649 4228 5018 
1 1017 507853 259965 932 3 3 886 3867 4651 4230 5020 
1 1018 507855 259967 933 4 3 887 3870 4654 4233 5023 
1 1019 507870 260094 934 2 3 888 3874 4658 4237 5027 
1 1020 507871 260095 935 3 3 889 3876 4660 4239 5029 
1 1021 507903 262143 936 2 3 890 3879 4663 4242 5032 
1 1022 515577 425917 1022 3 4 973 4244 5034 4244 5034 
1 1023 515579 425919 1023 3 4 974 4247 5037 4247 5037 
1 1024 515583 425983 1024 2 4 975 4250 5040 4250 5040 
1 1025 515806 452606 1025 2 5 976 4252 5042 4252 5042 
1 1026 515807 452607 1026 2 5 977 4254 5044 4254 5044 
1 1027 515819 454463 1027 2 6 978 4256 5046 4256 5046 
1 1028 515820 454524 1028 1 7 979 4258 5048 4258 5048 
1 1029 515821 454525 1029 4 1 980 4259 5049 4259 5049 
1 1030 515823 454527 1030 4 2 981 4263 5053 4263 5053 
1 1031 515838 454654 1031 4 1 982 4267 5057 4267 5057 
1 1032 515839 454655 1032 4 1 983 4271 5061 4271 5061 
1 1033 516089 458685 1033 4 2 984 4275 5065 4275 5065 
1 1034 516091 458687 1034 4 2 985 4279 5069 4279 5069 
1 1035 516095 458751 1035 3 2 986 4283 5073 4283 5073 
1 1036 524239 522111 1036 3 2 987 4286 5076 4286 5076 
1 1037 524254 522238 1037 3 1 988 4289 5079 4289 5079 
1 1038 524255 522239 1038 4 1 989 4292 5082 4292 5082 
1 1039 524287 524287 1039 3 1 990 4296 5086 4296 5086 
1 1040 1048059 1015743 1040 2 6 991 4299 5089 4299 5089 
1 1041 1048063 1015807 1041 2 4 992 4301 5091 4301 5091 
1 1042 1048575 1048575 1042 2 2 993 4303 5093 4303 5093 
1 1043 2097151 2097151 1043 1 7 994 4305 5095 4305 5095 
