0 0 0 0 0 1 5 0 0 0 0 0 
0 1 1 1 1 2 3 0 0 1 0 1 
0 2 3 3 2 3 2 0 0 3 0 3 
0 3 7 19 5 2 2 0 0 11 0 6 
0 4 11 7 3 3 1 0 0 6 0 8 
0 5 12 20 6 2 1 0 0 13 0 11 
0 6 13 21 7 3 1 0 0 15 0 13 
0 7 15 23 8 4 1 0 0 18 0 16 
0 8 30 54 12 2 1 0 0 32 0 20 
0 9 31 55 13 3 1 0 0 34 0 22 
0 10 63 183 20 2 1 0 0 55 0 25 
1 11 75 15 4 2 4 11 0 9 0 27 
0 12 76 28 9 3 2 0 0 22 0 29 
1 13 77 29 10 4 2 10 2 25 2 32 
1 14 79 31 11 3 2 14 6 29 6 36 
1 15 86 58 14 3 2 9 9 37 9 39 
1 16 87 59 15 3 2 12 12 40 12 42 
1 17 94 62 16 4 1 16 15 43 15 45 
1 18 95 63 17 4 1 17 19 47 19 49 
0 19 116 184 21 2 2 0 0 57 0 53 
1 20 117 185 22 4 1 13 27 59 23 55 
1 21 119 187 23 4 1 19 31 63 27 59 
1 22 127 191 24 3 1 23 35 67 31 63 
1 23 222 126 18 2 3 20 23 51 34 66 
1 24 223 127 19 2 3 22 25 53 36 68 
1 25 235 207 25 2 4 18 38 70 38 70 
1 26 236 220 26 1 5 15 40 72 40 72 
1 27 237 221 27 3 1 21 41 73 41 73 
1 28 239 223 28 3 2 24 44 76 44 76 
1 29 254 254 29 3 1 25 47 79 47 79 
1 30 255 255 30 3 1 26 50 82 50 82 
1 31 507 495 31 2 4 27 53 85 53 85 
1 32 511 511 32 2 2 28 55 87 55 87 
1 33 1023 1023 33 1 5 29 57 89 57 89 
