0 0 0 0 0 1 6 0 0 0 0 0 
0 1 1 1 1 2 4 0 0 1 0 1 
0 2 3 3 2 3 3 0 0 3 0 3 
0 3 7 35 6 2 3 0 0 14 0 6 
0 4 11 7 3 3 2 0 0 6 0 8 
0 5 12 36 7 2 2 0 0 16 0 11 
0 6 13 37 8 3 2 0 0 18 0 13 
0 7 15 39 9 4 2 0 0 21 0 16 
0 8 30 102 16 2 2 0 0 48 0 20 
0 9 31 103 17 3 2 0 0 50 0 22 
0 10 63 615 36 2 2 0 0 117 0 25 
0 11 75 15 4 3 1 0 0 9 0 27 
0 12 76 44 10 4 1 0 0 25 0 30 
0 13 77 45 11 5 1 0 0 29 0 34 
0 14 79 47 12 4 1 0 0 34 0 39 
0 15 86 106 18 4 1 0 0 53 0 43 
0 16 87 107 19 4 1 0 0 57 0 47 
0 17 94 110 20 5 1 0 0 61 0 51 
0 18 95 111 21 5 1 0 0 66 0 56 
0 19 116 616 37 3 1 0 0 119 0 61 
0 20 117 617 38 5 1 0 0 122 0 64 
0 21 119 619 39 5 1 0 0 127 0 69 
0 22 127 623 40 4 1 0 0 132 0 74 
0 23 222 238 28 3 1 0 0 93 0 78 
0 24 223 239 29 3 1 0 0 96 0 81 
0 25 235 655 45 3 1 0 0 150 0 84 
0 26 236 684 52 2 1 0 0 173 0 87 
0 27 237 685 53 4 1 0 0 175 0 89 
0 28 239 687 54 4 1 0 0 179 0 93 
0 29 254 750 63 4 1 0 0 217 0 97 
0 30 255 751 64 4 1 0 0 221 0 101 
0 31 507 1743 87 3 1 0 0 316 0 105 
0 32 511 1775 91 3 1 0 0 331 0 108 
0 33 1023 5871 118 2 1 0 0 433 0 111 
1 34 1099 31 5 2 5 30 0 12 0 113 
0 35 1100 60 13 3 3 0 0 38 0 115 
1 36 1101 61 14 4 3 31 2 41 2 118 
1 37 1103 63 15 3 3 32 6 45 6 122 
0 38 1108 120 22 2 4 0 0 71 0 125 
1 39 1109 121 23 2 4 33 9 73 9 127 
1 40 1110 122 24 5 2 34 11 75 11 129 
1 41 1111 123 25 5 2 35 16 80 16 134 
1 42 1118 126 26 4 2 36 21 85 21 139 
1 43 1119 127 27 4 2 37 25 89 25 143 
0 44 1140 632 41 3 2 0 0 136 0 147 
1 45 1141 633 42 4 2 44 47 139 29 150 
1 46 1143 635 43 4 2 45 51 143 33 154 
1 47 1151 639 44 3 2 46 55 147 37 158 
1 48 1182 246 30 3 2 38 29 99 40 161 
1 49 1183 247 31 3 2 39 32 102 43 164 
0 50 1184 656 46 1 6 0 0 153 0 167 
0 51 1185 657 47 3 2 0 0 154 0 168 
1 52 1187 659 48 4 1 47 58 157 46 171 
1 53 1191 691 55 2 3 50 70 183 50 175 
0 54 1194 662 49 4 1 0 0 161 0 177 
1 55 1195 663 50 5 1 48 62 165 52 181 
1 56 1196 692 56 3 2 51 72 185 57 186 
1 57 1197 693 57 3 2 52 75 188 60 189 
1 58 1198 694 58 6 1 53 78 191 63 192 
1 59 1199 695 59 6 1 54 84 197 69 198 
1 60 1214 758 65 3 2 58 104 225 75 204 
1 61 1215 759 66 3 2 59 107 228 78 207 
1 62 1246 254 32 4 1 40 35 105 81 210 
1 63 1247 255 33 4 1 41 39 109 85 214 
1 64 1259 671 51 3 1 49 67 170 89 218 
1 65 1260 700 60 4 1 55 90 203 92 221 
1 66 1261 701 61 6 1 56 94 207 96 225 
1 67 1263 703 62 4 1 57 100 213 102 231 
1 68 1268 760 67 5 1 60 110 231 106 235 
1 69 1269 761 68 5 1 61 115 236 111 240 
1 70 1270 762 69 6 1 62 120 241 116 245 
1 71 1271 763 70 6 1 63 126 247 122 251 
1 72 1278 766 71 5 1 64 132 253 128 257 
1 73 1279 767 72 5 1 65 137 258 133 262 
0 74 1456 920 73 2 2 0 0 263 0 267 
1 75 1457 922 75 5 1 66 142 268 138 269 
1 76 1459 954 79 4 1 70 160 286 143 274 
0 77 1460 921 74 3 2 0 0 265 0 278 
1 78 1461 923 76 5 1 67 147 273 147 281 
1 79 1463 955 80 4 1 71 164 290 152 286 
1 80 1465 1749 88 4 1 78 190 319 156 290 
1 81 1467 1751 89 5 1 79 194 323 160 294 
1 82 1468 1780 92 5 1 81 202 334 165 299 
1 83 1469 1781 93 6 1 82 207 339 170 304 
1 84 1471 1783 94 5 1 83 213 345 176 310 
1 85 1531 1759 90 3 1 80 199 328 181 315 
1 86 1532 1788 95 4 1 84 218 350 184 318 
1 87 1533 1789 96 5 1 85 222 354 188 322 
1 88 1535 1791 97 4 1 86 227 359 193 327 
0 89 1972 5872 119 2 2 0 0 435 0 331 
1 90 1973 5873 120 4 1 107 301 437 197 333 
1 91 1975 5875 121 4 1 108 305 441 201 337 
1 92 1983 5879 122 4 1 109 309 445 205 341 
1 93 2047 5887 123 3 1 110 313 449 209 345 
1 94 3294 510 34 2 4 42 43 113 212 348 
1 95 3295 511 35 2 4 43 45 115 214 350 
1 96 3306 926 77 4 2 68 152 278 216 352 
1 97 3307 927 78 4 2 69 156 282 220 356 
1 98 3308 956 81 3 2 72 168 294 224 360 
1 99 3309 957 82 3 2 73 171 297 227 363 
1 100 3310 958 83 5 2 74 174 300 230 366 
1 101 3311 959 84 5 2 75 179 305 235 371 
1 102 3326 1022 85 3 2 76 184 310 240 376 
1 103 3327 1023 86 3 2 77 187 313 243 379 
1 104 3440 1880 98 1 6 87 231 363 246 382 
1 105 3441 1881 99 4 1 88 232 364 247 383 
1 106 3443 1883 100 4 2 89 236 368 251 387 
1 107 3447 1915 104 2 3 93 252 384 255 391 
1 108 3448 1884 101 2 4 90 240 372 257 393 
1 109 3449 1885 102 6 1 91 242 374 259 395 
1 110 3451 1887 103 4 2 92 248 380 265 401 
1 111 3452 1916 105 4 2 94 254 386 269 405 
1 112 3453 1917 106 6 1 95 258 390 273 409 
1 113 3455 1919 107 4 2 96 264 396 279 415 
1 114 3576 2012 108 2 2 97 268 400 283 419 
1 115 3577 2013 109 4 1 98 270 402 285 421 
1 116 3578 2014 110 5 1 99 274 406 289 425 
1 117 3579 2015 111 5 1 100 279 411 294 430 
1 118 3582 2046 112 4 1 101 284 416 299 435 
1 119 3583 2047 113 4 1 102 288 420 303 439 
0 120 3873 5905 124 1 6 0 0 452 0 443 
1 121 3875 5907 125 2 4 111 316 453 307 444 
1 122 3879 5911 126 4 1 112 318 455 309 446 
1 123 3885 5941 128 2 2 114 325 462 313 450 
1 124 3887 5943 129 3 2 115 327 464 315 452 
1 125 3903 6007 134 2 2 120 346 483 318 455 
1 126 3947 5919 127 3 2 113 322 459 320 457 
1 127 3948 5948 130 3 2 116 330 467 323 460 
1 128 3949 5949 131 5 1 117 333 470 326 463 
1 129 3950 5950 132 3 2 118 338 475 331 468 
1 130 3951 5951 133 5 1 119 341 478 334 471 
1 131 3958 6010 135 4 1 121 348 485 339 476 
1 132 3959 6011 136 4 1 122 352 489 343 480 
1 133 3966 6014 137 5 1 123 356 493 347 484 
1 134 3967 6015 138 5 1 124 361 498 352 489 
1 135 4094 6142 139 3 1 125 366 503 357 494 
1 136 4095 6143 140 3 1 126 369 506 360 497 
1 137 7672 4060 114 1 6 103 292 424 363 500 
1 138 7673 4061 115 3 3 104 293 425 364 501 
1 139 7675 4063 116 3 3 105 296 428 367 504 
1 140 7679 4095 117 2 3 106 299 431 370 507 
1 141 7902 6654 141 2 4 127 372 509 372 509 
1 142 7903 6655 142 2 4 128 374 511 374 511 
1 143 7915 7071 143 2 5 129 376 513 376 513 
1 144 7916 7100 144 1 6 130 378 515 378 515 
1 145 7917 7101 145 3 2 131 379 516 379 516 
1 146 7919 7103 146 4 1 132 382 519 382 519 
1 147 7934 7166 147 3 2 133 386 523 386 523 
1 148 7935 7167 148 3 2 134 389 526 389 526 
1 149 8185 8157 149 2 2 135 392 529 392 529 
1 150 8187 8159 150 4 1 136 394 531 394 531 
1 151 8191 8191 151 3 1 137 398 535 398 535 
1 152 16350 15870 152 1 6 138 401 538 401 538 
1 153 16351 15871 153 2 4 139 402 539 402 539 
1 154 16383 16383 154 2 2 140 404 541 404 541 
1 155 32767 32767 155 1 6 141 406 543 406 543 
