0 0 0 0 0 1 6
0 1 1 1 1 2 4
0 2 3 3 2 3 3
0 3 7 35 6 2 3
0 4 11 7 3 3 2
0 5 12 36 7 2 2
0 6 13 37 8 3 2
0 7 15 39 9 4 2
0 8 30 102 16 2 2
0 9 31 103 17 3 2
0 10 63 615 36 2 2
0 11 75 15 4 3 1
0 12 76 44 10 4 1
0 13 77 45 11 5 1
0 14 79 47 12 4 1
0 15 86 106 18 4 1
0 16 87 107 19 4 1
0 17 94 110 20 5 1
0 18 95 111 21 5 1
0 19 116 616 37 3 1
0 20 117 617 38 5 1
0 21 119 619 39 5 1
0 22 127 623 40 4 1
0 23 222 238 28 3 1
0 24 223 239 29 3 1
0 25 235 655 45 3 1
0 26 236 684 52 2 1
0 27 237 685 53 4 1
0 28 239 687 54 4 1
0 29 254 750 63 4 1
0 30 255 751 64 4 1
0 31 507 1743 81 3 1
0 32 511 1775 88 3 1
0 33 1023 5871 118 2 1
1 34 1099 31 5 2 5
0 35 1100 60 13 3 3
1 36 1101 61 14 4 3
1 37 1103 63 15 3 3
0 38 1108 120 22 2 4
1 39 1109 121 23 2 4
1 40 1110 122 24 5 2
1 41 1111 123 25 5 2
1 42 1118 126 26 4 2
1 43 1119 127 27 4 2
0 44 1140 632 41 3 2
1 45 1141 633 42 4 2
1 46 1143 635 43 4 2
1 47 1151 639 44 3 2
1 48 1182 246 30 3 2
1 49 1183 247 31 3 2
0 50 1184 656 46 1 6
0 51 1185 657 47 3 2
1 52 1187 659 48 4 1
1 53 1191 691 55 2 3
0 54 1194 662 49 4 1
1 55 1195 663 50 5 1
1 56 1196 692 56 3 2
1 57 1197 693 57 3 2
1 58 1198 694 58 6 1
1 59 1199 695 59 6 1
1 60 1214 758 65 3 2
1 61 1215 759 66 3 2
1 62 1246 254 32 4 1
1 63 1247 255 33 4 1
1 64 1259 671 51 3 1
1 65 1260 700 60 4 1
1 66 1261 701 61 6 1
1 67 1263 703 62 4 1
1 68 1268 760 67 5 1
1 69 1269 761 68 5 1
1 70 1270 762 69 6 1
1 71 1271 763 70 6 1
1 72 1278 766 71 5 1
1 73 1279 767 72 5 1
0 74 1456 1744 82 2 2
1 75 1457 1745 83 5 1
1 76 1459 1747 84 4 1
0 77 1460 1776 89 3 2
1 78 1461 1777 90 5 1
1 79 1463 1779 91 4 1
1 80 1465 1749 85 4 1
1 81 1467 1751 86 5 1
1 82 1468 1780 92 5 1
1 83 1469 1781 93 6 1
1 84 1471 1783 94 5 1
1 85 1531 1759 87 3 1
1 86 1532 1788 95 4 1
1 87 1533 1789 96 5 1
1 88 1535 1791 97 4 1
0 89 1972 5872 119 2 2
1 90 1973 5873 120 4 1
1 91 1975 5875 121 4 1
1 92 1983 5879 122 4 1
1 93 2047 5887 123 3 1
1 94 3294 510 34 2 4
1 95 3295 511 35 2 4
1 96 3306 926 73 4 2
1 97 3307 927 74 4 2
1 98 3308 956 75 3 2
1 99 3309 957 76 3 2
1 100 3310 958 77 5 2
1 101 3311 959 78 5 2
1 102 3326 1022 79 3 2
1 103 3327 1023 80 3 2
1 104 3440 1880 98 1 6
1 105 3441 1881 99 4 1
1 106 3443 1883 100 4 2
1 107 3447 1915 104 2 3
1 108 3448 1884 101 2 4
1 109 3449 1885 102 6 1
1 110 3451 1887 103 4 2
1 111 3452 1916 105 4 2
1 112 3453 1917 106 6 1
1 113 3455 1919 107 4 2
1 114 3576 2012 108 2 2
1 115 3577 2013 109 4 1
1 116 3578 2014 110 5 1
1 117 3579 2015 111 5 1
1 118 3582 2046 112 4 1
1 119 3583 2047 113 4 1
0 120 3873 5905 124 1 6
1 121 3875 5907 125 2 4
1 122 3879 5939 127 4 1
1 123 3885 5941 128 2 2
1 124 3887 5943 129 3 2
1 125 3903 6007 134 2 2
1 126 3947 5919 126 3 2
1 127 3948 5948 130 3 2
1 128 3949 5949 131 5 1
1 129 3950 5950 132 3 2
1 130 3951 5951 133 5 1
1 131 3958 6010 135 4 1
1 132 3959 6011 136 4 1
1 133 3966 6014 137 5 1
1 134 3967 6015 138 5 1
1 135 4094 6142 139 3 1
1 136 4095 6143 140 3 1
1 137 7672 4060 114 1 6
1 138 7673 4061 115 3 3
1 139 7675 4063 116 3 3
1 140 7679 4095 117 2 3
1 141 7902 6654 141 2 4
1 142 7903 6655 142 2 4
1 143 7915 7071 143 2 5
1 144 7916 7100 144 1 6
1 145 7917 7101 145 3 2
1 146 7919 7103 146 4 1
1 147 7934 7166 147 3 2
1 148 7935 7167 148 3 2
1 149 8185 8157 149 2 2
1 150 8187 8159 150 4 1
1 151 8191 8191 151 3 1
1 152 16350 15870 152 1 6
1 153 16351 15871 153 2 4
1 154 16383 16383 154 2 2
1 155 32767 32767 155 1 6
