0 0 0 0 0 1 7
0 1 1 1 1 2 5
0 2 3 3 2 3 4
0 3 7 67 7 2 4
0 4 11 7 3 3 3
0 5 12 68 8 2 3
0 6 13 69 9 3 3
0 7 15 71 10 4 3
0 8 30 198 20 2 3
0 9 31 199 21 3 3
0 10 63 2247 58 2 3
0 11 75 15 4 3 2
0 12 76 76 11 4 2
0 13 77 77 12 5 2
0 14 79 79 13 4 2
0 15 86 202 22 4 2
0 16 87 203 23 4 2
0 17 94 206 24 5 2
0 18 95 207 25 5 2
0 19 116 2248 59 3 2
0 20 117 2249 60 5 2
0 21 119 2251 61 5 2
0 22 127 2255 62 4 2
0 23 222 462 38 3 2
0 24 223 463 39 3 2
0 25 235 2319 71 3 2
0 26 236 2380 84 2 2
0 27 237 2381 85 4 2
0 28 239 2383 86 4 2
0 29 254 2510 105 4 2
0 30 255 2511 106 4 2
0 31 507 6543 169 3 2
0 32 511 6607 182 3 2
0 33 1023 39375 359 2 2
0 34 1099 31 5 3 1
0 35 1100 92 14 4 1
0 36 1101 93 15 5 1
0 37 1103 95 16 4 1
0 38 1108 216 26 3 1
0 39 1109 217 27 3 1
0 40 1110 218 28 6 1
0 41 1111 219 29 6 1
0 42 1118 222 30 5 1
0 43 1119 223 31 5 1
0 44 1140 2264 63 4 1
0 45 1141 2265 64 5 1
0 46 1143 2267 65 5 1
0 47 1151 2271 66 4 1
0 48 1182 470 40 4 1
0 49 1183 471 41 4 1
0 50 1184 2320 72 2 1
0 51 1185 2321 73 4 1
0 52 1187 2323 74 5 1
0 53 1191 2387 87 3 1
0 54 1194 2326 75 5 1
0 55 1195 2327 76 6 1
0 56 1196 2388 88 4 1
0 57 1197 2389 89 4 1
0 58 1198 2390 90 7 1
0 59 1199 2391 91 7 1
0 60 1214 2518 107 4 1
0 61 1215 2519 108 4 1
0 62 1246 478 42 5 1
0 63 1247 479 43 5 1
0 64 1259 2335 77 4 1
0 65 1260 2396 92 5 1
0 66 1261 2397 93 7 1
0 67 1263 2399 94 5 1
0 68 1268 2520 109 6 1
0 69 1269 2521 110 6 1
0 70 1270 2522 111 7 1
0 71 1271 2523 112 7 1
0 72 1278 2526 113 6 1
0 73 1279 2527 114 6 1
0 74 1456 6544 170 3 1
0 75 1457 6545 171 6 1
0 76 1459 6547 172 5 1
0 77 1460 6608 183 4 1
0 78 1461 6609 184 6 1
0 79 1463 6611 185 5 1
0 80 1465 6549 173 5 1
0 81 1467 6551 174 6 1
0 82 1468 6612 186 6 1
0 83 1469 6613 187 7 1
0 84 1471 6615 188 6 1
0 85 1531 6559 175 4 1
0 86 1532 6620 189 5 1
0 87 1533 6621 190 6 1
0 88 1535 6623 191 5 1
0 89 1972 39376 360 3 1
0 90 1973 39377 361 5 1
0 91 1975 39379 362 5 1
0 92 1983 39383 363 5 1
0 93 2047 39391 364 4 1
0 94 3294 990 50 3 1
0 95 3295 991 51 3 1
0 96 3306 2846 127 5 1
0 97 3307 2847 128 5 1
0 98 3308 2908 137 4 1
0 99 3309 2909 138 4 1
0 100 3310 2910 139 6 1
0 101 3311 2911 140 6 1
0 102 3326 3038 151 4 1
0 103 3327 3039 152 4 1
0 104 3440 6808 209 2 1
0 105 3441 6809 210 5 1
0 106 3443 6811 211 5 1
0 107 3447 6875 232 3 1
0 108 3448 6812 212 3 1
0 109 3449 6813 213 7 1
0 110 3451 6815 214 5 1
0 111 3452 6876 233 5 1
0 112 3453 6877 234 7 1
0 113 3455 6879 235 5 1
0 114 3576 7068 249 3 1
0 115 3577 7069 250 5 1
0 116 3578 7070 251 6 1
0 117 3579 7071 252 6 1
0 118 3582 7134 269 5 1
0 119 3583 7135 270 5 1
0 120 3873 39441 370 2 1
0 121 3875 39443 371 3 1
0 122 3879 39507 385 5 1
0 123 3885 39509 386 3 1
0 124 3887 39511 387 4 1
0 125 3903 39639 414 3 1
0 126 3947 39455 372 4 1
0 127 3948 39516 388 4 1
0 128 3949 39517 389 6 1
0 129 3950 39518 390 4 1
0 130 3951 39519 391 6 1
0 131 3958 39642 415 5 1
0 132 3959 39643 416 5 1
0 133 3966 39646 417 6 1
0 134 3967 39647 418 6 1
0 135 4094 39902 437 4 1
0 136 4095 39903 438 4 1
0 137 7672 15260 311 2 1
0 138 7673 15261 312 4 1
0 139 7675 15263 313 4 1
0 140 7679 15327 326 3 1
0 141 7902 41950 475 3 1
0 142 7903 41951 476 3 1
0 143 7915 43807 513 3 1
0 144 7916 43868 522 2 1
0 145 7917 43869 523 4 1
0 146 7919 43871 524 5 1
0 147 7934 43998 545 4 1
0 148 7935 43999 546 4 1
0 149 8185 48029 625 3 1
0 150 8187 48031 626 5 1
0 151 8191 48095 645 4 1
0 152 16350 111582 749 2 1
0 153 16351 111583 750 3 1
0 154 16383 113631 797 3 1
0 155 32767 375775 932 2 1
1 156 33867 63 6 2 6
0 157 33868 124 17 3 4
1 158 33869 125 18 4 4
1 159 33871 127 19 3 4
0 160 33876 248 32 4 3
1 161 33877 249 33 4 3
1 162 33878 250 34 5 3
1 163 33879 251 35 5 3
1 164 33886 254 36 4 3
1 165 33887 255 37 4 3
0 166 33908 2296 67 3 3
1 167 33909 2297 68 4 3
1 168 33911 2299 69 4 3
1 169 33919 2303 70 3 3
1 170 33942 498 44 3 4
1 171 33943 499 45 3 4
1 172 33950 502 46 5 2
1 173 33951 503 47 5 2
0 174 33952 2352 78 3 2
0 175 33953 2353 79 5 2
1 176 33955 2355 80 4 2
0 177 33956 2416 95 4 2
1 178 33957 2417 96 6 2
1 179 33959 2419 97 4 2
0 180 33962 2358 81 4 2
1 181 33963 2359 82 5 2
1 182 33964 2420 98 6 2
1 183 33965 2421 99 6 2
1 184 33966 2422 100 6 2
1 185 33967 2423 101 6 2
0 186 33972 2544 115 5 2
1 187 33973 2545 116 5 2
1 188 33974 2546 117 6 2
1 189 33975 2547 118 6 2
1 190 33982 2550 119 5 2
1 191 33983 2551 120 5 2
1 192 34014 510 48 4 2
1 193 34015 511 49 4 2
1 194 34027 2367 83 3 2
1 195 34028 2428 102 4 2
1 196 34029 2429 103 6 2
1 197 34031 2431 104 4 2
1 198 34036 2552 121 5 2
1 199 34037 2553 122 5 2
1 200 34038 2554 123 6 2
1 201 34039 2555 124 6 2
1 202 34046 2558 125 5 2
1 203 34047 2559 126 5 2
0 204 34224 6576 176 3 2
1 205 34225 6577 177 5 2
1 206 34227 6579 178 4 2
0 207 34228 6640 192 4 2
1 208 34229 6641 193 5 2
1 209 34231 6643 194 4 2
1 210 34233 6581 179 4 2
1 211 34235 6583 180 5 2
1 212 34236 6644 195 5 2
1 213 34237 6645 196 6 2
1 214 34239 6647 197 5 2
1 215 34299 6591 181 3 2
1 216 34300 6652 198 4 2
1 217 34301 6653 199 5 2
1 218 34303 6655 200 4 2
0 219 34740 39408 365 3 2
1 220 34741 39409 366 4 2
1 221 34743 39411 367 4 2
1 222 34751 39415 368 4 2
1 223 34815 39423 369 3 2
1 224 35038 1006 52 3 2
1 225 35039 1007 53 3 2
0 226 35040 2856 129 4 2
0 227 35041 2857 130 4 2
1 228 35042 2858 131 7 1
1 229 35043 2859 132 7 1
1 230 35046 2922 141 5 2
1 231 35047 2923 142 5 2
1 232 35050 2862 133 6 1
1 233 35051 2863 134 6 1
1 234 35052 2924 143 4 2
1 235 35053 2925 144 4 2
1 236 35054 2926 145 7 1
1 237 35055 2927 146 7 1
1 238 35070 3054 153 4 2
1 239 35071 3055 154 4 2
1 240 35128 6820 215 3 3
1 241 35129 6821 216 5 2
1 242 35131 6823 217 5 1
1 243 35135 6887 236 3 3
0 244 35176 6700 201 5 1
1 245 35177 6701 202 6 1
0 246 35178 6702 203 5 1
1 247 35179 6703 204 6 1
1 248 35180 6764 205 6 1
1 249 35181 6765 206 6 1
1 250 35182 6766 207 6 1
1 251 35183 6767 208 6 1
1 252 35184 6824 218 4 2
1 253 35185 6825 219 4 2
1 254 35186 6826 220 7 1
1 255 35187 6827 221 7 1
1 256 35190 6890 237 4 2
1 257 35191 6891 238 4 2
1 258 35192 6828 222 7 1
1 259 35193 6829 223 7 1
1 260 35194 6830 224 7 1
1 261 35195 6831 225 7 1
1 262 35196 6892 239 7 1
1 263 35197 6893 240 7 1
1 264 35198 6894 241 7 1
1 265 35199 6895 242 7 1
1 266 35320 7084 253 4 2
1 267 35321 7085 254 4 2
1 268 35322 7086 255 6 1
1 269 35323 7087 256 6 1
1 270 35326 7150 271 4 2
1 271 35327 7151 272 4 2
0 272 35616 39456 373 2 4
0 273 35617 39457 374 3 2
0 274 35618 39458 375 5 1
1 275 35619 39459 376 6 1
1 276 35622 39522 392 4 2
1 277 35623 39523 393 4 2
0 278 35626 39462 377 5 1
1 279 35627 39463 378 6 1
1 280 35628 39524 394 4 2
1 281 35629 39525 395 4 2
1 282 35630 39526 396 7 1
1 283 35631 39527 397 7 1
1 284 35646 39654 419 4 2
1 285 35647 39655 420 4 2
0 286 35690 39470 379 4 1
1 287 35691 39471 380 5 1
1 288 35692 39532 398 6 1
1 289 35693 39533 399 6 1
1 290 35694 39534 400 6 1
1 291 35695 39535 401 6 1
1 292 35702 39658 421 4 2
1 293 35703 39659 422 4 2
1 294 35710 39662 423 6 1
1 295 35711 39663 424 6 1
1 296 35838 39918 439 3 2
1 297 35839 39919 440 3 2
1 298 36062 1022 54 4 1
1 299 36063 1023 55 4 1
1 300 36074 2878 135 5 1
1 301 36075 2879 136 5 1
1 302 36076 2940 147 6 1
1 303 36077 2941 148 6 1
1 304 36078 2942 149 6 1
1 305 36079 2943 150 6 1
1 306 36084 3064 155 5 1
1 307 36085 3065 156 5 1
1 308 36086 3066 157 6 1
1 309 36087 3067 158 6 1
1 310 36094 3070 159 5 1
1 311 36095 3071 160 5 1
1 312 36208 6840 226 5 1
1 313 36209 6841 227 7 1
1 314 36211 6843 228 5 1
1 315 36212 6904 243 5 1
1 316 36213 6905 244 7 1
1 317 36215 6907 245 5 1
1 318 36216 6844 229 5 1
1 319 36217 6845 230 7 1
1 320 36219 6847 231 5 1
1 321 36220 6908 246 5 1
1 322 36221 6909 247 7 1
1 323 36223 6911 248 5 1
1 324 36272 7088 257 6 1
1 325 36273 7089 258 6 1
1 326 36274 7090 259 6 1
1 327 36275 7091 260 6 1
1 328 36276 7152 273 6 1
1 329 36277 7153 274 6 1
1 330 36278 7154 275 6 1
1 331 36279 7155 276 6 1
1 332 36280 7092 261 7 1
1 333 36281 7093 262 7 1
1 334 36282 7094 263 7 1
1 335 36283 7095 264 7 1
1 336 36284 7156 277 7 1
1 337 36285 7157 278 7 1
1 338 36286 7158 279 7 1
1 339 36287 7159 280 7 1
1 340 36344 7100 265 6 1
1 341 36345 7101 266 6 1
1 342 36346 7102 267 6 1
1 343 36347 7103 268 6 1
1 344 36348 7164 281 6 1
1 345 36349 7165 282 6 1
1 346 36350 7166 283 6 1
1 347 36351 7167 284 6 1
0 348 36641 39473 381 4 1
1 349 36643 39475 382 5 1
1 350 36644 39536 402 6 1
1 351 36645 39537 403 6 1
1 352 36646 39538 404 6 1
1 353 36647 39539 405 6 1
1 354 36651 39479 383 5 1
1 355 36652 39540 406 7 1
1 356 36653 39541 407 7 1
1 357 36654 39542 408 7 1
1 358 36655 39543 409 7 1
1 359 36660 39664 425 6 1
1 360 36661 39665 426 6 1
1 361 36662 39666 427 7 1
1 362 36663 39667 428 7 1
1 363 36670 39670 429 6 1
1 364 36671 39671 430 6 1
1 365 36715 39487 384 4 1
1 366 36716 39548 410 6 1
1 367 36717 39549 411 6 1
1 368 36718 39550 412 6 1
1 369 36719 39551 413 6 1
1 370 36724 39672 431 6 1
1 371 36725 39673 432 6 1
1 372 36726 39674 433 7 1
1 373 36727 39675 434 7 1
1 374 36734 39678 435 6 1
1 375 36735 39679 436 6 1
1 376 36788 39920 441 5 1
1 377 36789 39921 442 5 1
1 378 36790 39922 443 6 1
1 379 36791 39923 444 6 1
1 380 36798 39926 445 6 1
1 381 36799 39927 446 6 1
1 382 36862 39934 447 5 1
1 383 36863 39935 448 5 1
0 384 39344 15264 314 3 2
1 385 39345 15265 315 5 1
1 386 39347 15267 316 4 1
0 387 39348 15328 327 3 2
1 388 39349 15329 328 5 1
1 389 39351 15331 329 4 1
1 390 39352 15268 317 5 1
1 391 39353 15269 318 6 1
1 392 39355 15271 319 5 1
1 393 39356 15332 330 5 1
1 394 39357 15333 331 6 1
1 395 39359 15335 332 5 1
1 396 39416 15276 320 5 1
1 397 39417 15277 321 6 1
1 398 39419 15279 322 5 1
1 399 39420 15340 333 5 1
1 400 39421 15341 334 6 1
1 401 39423 15343 335 5 1
0 402 39572 41952 477 3 2
1 403 39573 41953 478 4 1
1 404 39574 41954 479 6 1
1 405 39575 41955 480 6 1
1 406 39582 41958 481 5 1
1 407 39583 41959 482 5 1
0 408 39584 43808 514 2 2
1 409 39585 43809 515 5 1
1 410 39587 43811 516 5 1
0 411 39588 43872 525 4 2
1 412 39589 43873 526 7 1
1 413 39591 43875 527 5 1
1 414 39594 43814 517 5 1
1 415 39595 43815 518 5 1
1 416 39596 43876 528 7 1
1 417 39597 43877 529 7 1
1 418 39598 43878 530 7 1
1 419 39599 43879 531 7 1
0 420 39604 44000 547 4 2
1 421 39605 44001 548 5 1
1 422 39606 44002 549 7 1
1 423 39607 44003 550 7 1
1 424 39614 44006 551 5 1
1 425 39615 44007 552 5 1
1 426 39644 41964 483 5 1
1 427 39645 41965 484 5 1
1 428 39646 41966 485 6 1
1 429 39647 41967 486 6 1
1 430 39657 43821 519 5 1
1 431 39659 43823 520 5 1
1 432 39660 43884 532 5 1
1 433 39661 43885 533 7 1
1 434 39663 43887 534 5 1
1 435 39664 43944 538 5 1
1 436 39665 43945 539 7 1
1 437 39666 43946 540 7 1
1 438 39667 43947 541 7 1
1 439 39668 44008 553 7 1
1 440 39669 44009 554 7 1
1 441 39670 44010 555 7 1
1 442 39671 44011 556 7 1
1 443 39673 43949 542 5 1
1 444 39674 43950 543 7 1
1 445 39675 43951 544 7 1
1 446 39676 44012 557 7 1
1 447 39677 44013 558 7 1
1 448 39678 44014 559 7 1
1 449 39679 44015 560 7 1
0 450 39856 48032 627 4 2
1 451 39857 48033 628 6 1
1 452 39859 48035 629 5 1
0 453 39860 48096 646 4 2
1 454 39861 48097 647 6 1
1 455 39863 48099 648 5 1
1 456 39864 48036 630 6 1
1 457 39865 48037 631 7 1
1 458 39867 48039 632 6 1
1 459 39868 48100 649 6 1
1 460 39869 48101 650 7 1
1 461 39871 48103 651 6 1
1 462 39928 48044 633 5 1
1 463 39929 48045 634 6 1
1 464 39931 48047 635 5 1
1 465 39932 48108 652 5 1
1 466 39933 48109 653 6 1
1 467 39935 48111 654 5 1
1 468 40440 15292 323 4 1
1 469 40441 15293 324 5 1
1 470 40443 15295 325 4 1
1 471 40444 15356 336 4 1
1 472 40445 15357 337 5 1
1 473 40447 15359 338 4 1
1 474 40670 41982 487 4 1
1 475 40671 41983 488 4 1
1 476 40683 43839 521 3 1
1 477 40684 43900 535 5 1
1 478 40685 43901 536 7 1
1 479 40687 43903 537 5 1
1 480 40692 44024 561 5 1
1 481 40693 44025 562 5 1
1 482 40694 44026 563 7 1
1 483 40695 44027 564 7 1
1 484 40702 44030 565 5 1
1 485 40703 44031 566 5 1
1 486 40880 48048 636 5 1
1 487 40881 48049 637 6 1
1 488 40883 48051 638 5 1
1 489 40884 48112 655 5 1
1 490 40885 48113 656 6 1
1 491 40887 48115 657 5 1
1 492 40888 48052 639 6 1
1 493 40889 48053 640 7 1
1 494 40891 48055 641 6 1
1 495 40892 48116 658 6 1
1 496 40893 48117 659 7 1
1 497 40895 48119 660 6 1
1 498 40952 48060 642 5 1
1 499 40953 48061 643 6 1
1 500 40955 48063 644 5 1
1 501 40956 48124 661 5 1
1 502 40957 48125 662 6 1
1 503 40959 48127 663 5 1
0 504 48020 111584 751 3 2
1 505 48021 111585 752 4 1
1 506 48022 111586 753 6 1
1 507 48023 111587 754 6 1
1 508 48030 111590 755 5 1
1 509 48031 111591 756 5 1
0 510 48052 113632 798 3 2
1 511 48053 113633 799 5 1
1 512 48055 113635 800 5 1
1 513 48063 113639 801 4 1
1 514 48086 111594 757 5 1
1 515 48087 111595 758 5 1
1 516 48094 111598 759 6 1
1 517 48095 111599 760 6 1
1 518 48116 113640 802 5 1
1 519 48117 113641 803 6 1
1 520 48119 113643 804 6 1
1 521 48127 113647 805 5 1
1 522 49118 111614 761 4 1
1 523 49119 111615 762 4 1
1 524 49140 113656 806 4 1
1 525 49141 113657 807 5 1
1 526 49143 113659 808 5 1
1 527 49151 113663 809 4 1
0 528 64436 375776 933 2 2
1 529 64437 375777 934 4 1
1 530 64439 375779 935 4 1
1 531 64447 375783 936 4 1
1 532 64511 375791 937 4 1
1 533 65535 375807 938 3 1
1 534 101598 2046 56 2 5
1 535 101599 2047 57 2 5
1 536 101610 3902 161 4 3
1 537 101611 3903 162 4 3
1 538 101612 3964 163 3 3
1 539 101613 3965 164 3 3
1 540 101614 3966 165 5 3
1 541 101615 3967 166 5 3
1 542 101630 4094 167 3 3
1 543 101631 4095 168 3 3
1 544 101736 7740 285 3 4
1 545 101737 7741 286 5 2
1 546 101739 7743 287 3 4
1 547 101740 7804 288 3 4
1 548 101741 7805 289 5 2
1 549 101743 7807 290 3 4
1 550 101744 7864 291 4 2
1 551 101745 7865 292 4 2
1 552 101746 7866 293 6 2
1 553 101747 7867 294 6 2
1 554 101750 7930 299 4 2
1 555 101751 7931 300 4 2
1 556 101752 7868 295 6 2
1 557 101753 7869 296 6 2
1 558 101754 7870 297 6 2
1 559 101755 7871 298 6 2
1 560 101756 7932 301 6 2
1 561 101757 7933 302 6 2
1 562 101758 7934 303 6 2
1 563 101759 7935 304 6 2
1 564 101880 8124 305 4 2
1 565 101881 8125 306 4 2
1 566 101882 8126 307 5 2
1 567 101883 8127 308 5 2
1 568 101886 8190 309 4 2
1 569 101887 8191 310 4 2
0 570 102176 40496 449 2 4
0 571 102177 40497 450 3 2
1 572 102178 40498 451 5 2
1 573 102179 40499 452 5 2
1 574 102182 40562 457 4 2
1 575 102183 40563 458 4 2
1 576 102186 40502 453 5 2
1 577 102187 40503 454 5 2
1 578 102188 40564 459 4 2
1 579 102189 40565 460 4 2
1 580 102190 40566 461 6 2
1 581 102191 40567 462 6 2
1 582 102206 40694 467 4 2
1 583 102207 40695 468 4 2
1 584 102250 40510 455 4 2
1 585 102251 40511 456 4 2
1 586 102252 40572 463 5 2
1 587 102253 40573 464 5 2
1 588 102254 40574 465 5 2
1 589 102255 40575 466 5 2
1 590 102262 40698 469 4 2
1 591 102263 40699 470 4 2
1 592 102270 40702 471 5 2
1 593 102271 40703 472 5 2
1 594 102398 40958 473 3 2
1 595 102399 40959 474 3 2
1 596 103864 15796 339 3 3
1 597 103865 15797 340 5 1
1 598 103867 15799 341 5 2
1 599 103871 15863 345 3 3
1 600 103928 15804 342 4 2
1 601 103929 15805 343 6 1
1 602 103931 15807 344 4 2
1 603 103932 15868 346 4 2
1 604 103933 15869 347 6 1
1 605 103935 15871 348 4 2
1 606 104011 42047 489 2 6
1 607 104012 42108 490 4 2
1 608 104013 42109 491 6 1
1 609 104015 42111 492 4 2
1 610 104020 42232 493 3 1
1 611 104021 42233 494 3 1
1 612 104022 42234 495 7 1
1 613 104023 42235 496 7 1
1 614 104030 42238 497 5 1
1 615 104031 42239 498 5 1
1 616 104052 44280 567 3 3
1 617 104053 44281 568 5 1
1 618 104055 44283 569 5 2
1 619 104063 44287 570 3 3
1 620 104082 42418 499 3 1
1 621 104083 42419 500 3 1
1 622 104086 42482 503 6 1
1 623 104087 42483 504 6 1
1 624 104094 42486 505 4 1
1 625 104095 42487 506 4 1
1 626 104096 44336 571 1 7
1 627 104097 44337 572 4 1
1 628 104099 44339 573 4 2
1 629 104100 44400 579 4 2
1 630 104101 44401 580 7 1
1 631 104103 44403 581 4 2
1 632 104106 44342 574 7 1
1 633 104107 44343 575 7 1
1 634 104108 44404 582 4 1
1 635 104109 44405 583 4 1
1 636 104110 44406 584 7 1
1 637 104111 44407 585 7 1
1 638 104114 44466 589 4 1
1 639 104115 44467 590 4 1
1 640 104118 44530 599 7 1
1 641 104119 44531 600 7 1
1 642 104126 44534 601 4 1
1 643 104127 44535 602 4 1
1 644 104154 42430 501 5 1
1 645 104155 42431 502 5 1
1 646 104156 42492 507 4 1
1 647 104157 42493 508 4 1
1 648 104158 42494 509 6 1
1 649 104159 42495 510 6 1
1 650 104168 44348 576 4 2
1 651 104169 44349 577 7 1
1 652 104171 44351 578 4 2
1 653 104172 44412 586 4 2
1 654 104173 44413 587 7 1
1 655 104175 44415 588 4 2
1 656 104176 44472 591 7 1
1 657 104177 44473 592 7 1
1 658 104178 44474 593 7 1
1 659 104179 44475 594 7 1
1 660 104180 44536 603 7 1
1 661 104181 44537 604 7 1
1 662 104182 44538 605 7 1
1 663 104183 44539 606 7 1
1 664 104184 44476 595 7 1
1 665 104185 44477 596 7 1
1 666 104186 44478 597 7 1
1 667 104187 44479 598 7 1
1 668 104188 44540 607 7 1
1 669 104189 44541 608 7 1
1 670 104190 44542 609 7 1
1 671 104191 44543 610 7 1
1 672 104368 48560 664 4 2
1 673 104369 48561 665 6 1
1 674 104371 48563 666 4 2
1 675 104372 48624 673 4 2
1 676 104373 48625 674 6 1
1 677 104375 48627 675 4 2
1 678 104376 48564 667 5 2
1 679 104377 48565 668 7 1
1 680 104379 48567 669 5 2
1 681 104380 48628 676 5 2
1 682 104381 48629 677 7 1
1 683 104383 48631 678 5 2
1 684 104440 48572 670 4 2
1 685 104441 48573 671 6 1
1 686 104443 48575 672 4 2
1 687 104444 48636 679 4 2
1 688 104445 48637 680 6 1
1 689 104447 48639 681 4 2
1 690 105976 16316 349 4 1
1 691 105977 16317 350 4 1
1 692 105978 16318 351 5 1
1 693 105979 16319 352 5 1
1 694 105982 16382 353 4 1
1 695 105983 16383 354 4 1
1 696 106206 43006 511 3 1
1 697 106207 43007 512 3 1
1 698 106208 44856 611 4 1
1 699 106209 44857 612 4 1
1 700 106210 44858 613 7 1
1 701 106211 44859 614 7 1
1 702 106214 44922 617 6 1
1 703 106215 44923 618 6 1
1 704 106218 44862 615 5 1
1 705 106219 44863 616 5 1
1 706 106220 44924 619 4 1
1 707 106221 44925 620 4 1
1 708 106222 44926 621 7 1
1 709 106223 44927 622 7 1
1 710 106238 45054 623 4 1
1 711 106239 45055 624 4 1
1 712 106273 48689 682 5 1
1 713 106274 48690 683 4 2
1 714 106275 48691 684 6 1
1 715 106278 48754 693 5 1
1 716 106279 48755 694 5 1
1 717 106280 48692 685 4 2
1 718 106281 48693 686 7 1
1 719 106282 48694 687 7 1
1 720 106283 48695 688 7 1
1 721 106284 48756 695 7 1
1 722 106285 48757 696 7 1
1 723 106286 48758 697 7 1
1 724 106287 48759 698 7 1
1 725 106296 48820 703 6 1
1 726 106297 48821 704 6 1
1 727 106298 48822 705 7 1
1 728 106299 48823 706 7 1
1 729 106302 48886 715 6 1
1 730 106303 48887 716 6 1
1 731 106344 48700 689 6 1
1 732 106345 48701 690 6 1
1 733 106346 48702 691 6 1
1 734 106347 48703 692 6 1
1 735 106348 48764 699 6 1
1 736 106349 48765 700 6 1
1 737 106350 48766 701 6 1
1 738 106351 48767 702 6 1
1 739 106352 48824 707 5 1
1 740 106353 48825 708 5 1
1 741 106354 48826 709 7 1
1 742 106355 48827 710 7 1
1 743 106358 48890 717 5 1
1 744 106359 48891 718 5 1
1 745 106360 48828 711 7 1
1 746 106361 48829 712 7 1
1 747 106362 48830 713 7 1
1 748 106363 48831 714 7 1
1 749 106364 48892 719 7 1
1 750 106365 48893 720 7 1
1 751 106366 48894 721 7 1
1 752 106367 48895 722 7 1
1 753 106488 49084 723 5 1
1 754 106489 49085 724 5 1
1 755 106490 49086 725 6 1
1 756 106491 49087 726 6 1
1 757 106494 49150 727 5 1
1 758 106495 49151 728 5 1
1 759 111558 111978 775 4 1
1 760 111559 111979 776 4 1
1 761 111563 111919 774 6 1
1 762 111564 111980 777 3 2
1 763 111565 111981 778 5 1
1 764 111566 111982 779 4 2
1 765 111567 111983 780 7 1
1 766 111582 112110 787 3 2
1 767 111583 112111 788 5 1
1 768 111585 113961 825 3 2
1 769 111587 113963 826 4 2
1 770 111591 114027 837 6 1
1 771 111597 114029 838 3 2
1 772 111599 114031 839 4 2
1 773 111615 114159 854 3 2
1 774 112459 111679 763 3 2
1 775 112460 111740 764 6 1
1 776 112461 111741 765 6 1
1 777 112462 111742 766 6 1
1 778 112463 111743 767 6 1
1 779 112468 111864 768 3 1
1 780 112469 111865 769 3 1
1 781 112470 111866 770 6 1
1 782 112471 111867 771 6 1
1 783 112478 111870 772 5 1
1 784 112479 111871 773 5 1
1 785 112481 113721 810 4 2
1 786 112483 113723 811 5 2
1 787 112485 113785 813 6 1
1 788 112487 113787 814 6 1
1 789 112491 113727 812 4 2
1 790 112492 113788 815 4 2
1 791 112493 113789 816 6 1
1 792 112494 113790 817 4 2
1 793 112495 113791 818 6 1
1 794 112500 113912 819 5 1
1 795 112501 113913 820 5 1
1 796 112502 113914 821 6 1
1 797 112503 113915 822 6 1
1 798 112510 113918 823 5 1
1 799 112511 113919 824 5 1
1 800 112524 111988 781 3 1
1 801 112525 111989 782 3 1
1 802 112526 111990 783 7 1
1 803 112527 111991 784 7 1
1 804 112542 112118 789 4 1
1 805 112543 112119 790 4 1
1 806 112545 113969 827 4 1
1 807 112546 113970 828 4 2
1 808 112547 113971 829 7 1
1 809 112550 114034 840 5 1
1 810 112551 114035 841 5 1
1 811 112554 113974 830 6 1
1 812 112555 113975 831 6 1
1 813 112556 114036 842 4 1
1 814 112557 114037 843 4 1
1 815 112558 114038 844 7 1
1 816 112559 114039 845 7 1
1 817 112574 114166 855 4 1
1 818 112575 114167 856 4 1
1 819 112590 111998 785 5 1
1 820 112591 111999 786 5 1
1 821 112598 112122 791 4 1
1 822 112599 112123 792 4 1
1 823 112606 112126 793 6 1
1 824 112607 112127 794 6 1
1 825 112609 113977 832 6 1
1 826 112610 113978 833 4 2
1 827 112611 113979 834 7 1
1 828 112612 114040 846 7 1
1 829 112613 114041 847 7 1
1 830 112614 114042 848 7 1
1 831 112615 114043 849 7 1
1 832 112618 113982 835 6 1
1 833 112619 113983 836 6 1
1 834 112620 114044 850 7 1
1 835 112621 114045 851 7 1
1 836 112622 114046 852 7 1
1 837 112623 114047 853 7 1
1 838 112628 114168 857 6 1
1 839 112629 114169 858 6 1
1 840 112630 114170 859 7 1
1 841 112631 114171 860 7 1
1 842 112638 114174 861 6 1
1 843 112639 114175 862 6 1
1 844 114654 112638 795 3 1
1 845 114655 112639 796 3 1
1 846 114656 114488 863 4 1
1 847 114657 114489 864 4 1
1 848 114658 114490 865 6 1
1 849 114659 114491 866 6 1
1 850 114662 114554 869 5 1
1 851 114663 114555 870 5 1
1 852 114666 114494 867 5 1
1 853 114667 114495 868 5 1
1 854 114668 114556 871 4 1
1 855 114669 114557 872 4 1
1 856 114670 114558 873 6 1
1 857 114671 114559 874 6 1
1 858 114686 114686 875 4 1
1 859 114687 114687 876 4 1
0 860 127777 375841 939 2 3
1 861 127779 375843 940 4 2
1 862 127783 375907 944 4 1
1 863 127787 375847 941 4 2
1 864 127789 375909 945 4 1
1 865 127791 375911 946 6 1
1 866 127806 376038 953 4 1
1 867 127807 376039 954 4 1
1 868 127851 375855 942 4 2
1 869 127853 375917 947 6 1
1 870 127855 375919 948 6 1
1 871 127862 376042 955 5 1
1 872 127863 376043 956 5 1
1 873 127870 376046 957 6 1
1 874 127871 376047 958 6 1
1 875 127998 376302 965 4 1
1 876 127999 376303 966 4 1
1 877 128875 375871 943 3 2
1 878 128876 375932 949 3 2
1 879 128877 375933 950 5 1
1 880 128878 375934 951 3 2
1 881 128879 375935 952 5 1
1 882 128884 376056 959 3 1
1 883 128885 376057 960 3 1
1 884 128886 376058 961 6 1
1 885 128887 376059 962 6 1
1 886 128894 376062 963 5 1
1 887 128895 376063 964 5 1
1 888 128958 376310 967 4 1
1 889 128959 376311 968 4 1
1 890 129022 376318 969 5 1
1 891 129023 376319 970 5 1
1 892 131070 376830 971 3 1
1 893 131071 376831 972 3 1
1 894 237048 32700 355 2 4
1 895 237049 32701 356 3 4
1 896 237051 32703 357 3 4
1 897 237055 32767 358 2 4
1 898 237274 59326 729 5 2
1 899 237275 59327 730 5 2
1 900 237278 59390 731 4 2
1 901 237279 59391 732 4 2
1 902 237288 61244 733 4 2
1 903 237289 61245 734 6 2
1 904 237291 61247 735 4 2
1 905 237292 61308 736 4 2
1 906 237293 61309 737 6 2
1 907 237295 61311 738 4 2
1 908 237304 61372 739 5 2
1 909 237305 61373 740 5 2
1 910 237306 61374 741 6 2
1 911 237307 61375 742 6 2
1 912 237310 61438 743 5 2
1 913 237311 61439 744 5 2
1 914 237560 65468 745 3 2
1 915 237561 65469 746 4 2
1 916 237563 65471 747 4 2
1 917 237567 65535 748 3 2
1 918 241483 120383 877 2 6
1 919 241484 120444 878 5 1
1 920 241485 120445 879 7 1
1 921 241487 120447 880 5 1
1 922 241492 120568 881 3 4
1 923 241493 120569 882 5 2
1 924 241494 120570 883 7 1
1 925 241495 120571 884 7 1
1 926 241502 120574 885 5 2
1 927 241503 120575 886 5 2
1 928 241524 122616 894 3 3
1 929 241525 122617 895 5 2
1 930 241527 122619 896 5 1
1 931 241535 122623 897 3 3
1 932 241611 120639 887 3 4
1 933 241612 120700 888 4 2
1 934 241613 120701 889 4 2
1 935 241614 120702 890 7 1
1 936 241615 120703 891 7 1
1 937 241630 120830 892 4 2
1 938 241631 120831 893 4 2
1 939 241633 122681 898 4 2
1 940 241634 122682 899 4 2
1 941 241635 122683 900 7 1
1 942 241638 122746 903 6 1
1 943 241639 122747 904 6 1
1 944 241642 122686 901 5 2
1 945 241643 122687 902 5 2
1 946 241644 122748 905 4 2
1 947 241645 122749 906 4 2
1 948 241646 122750 907 7 1
1 949 241647 122751 908 7 1
1 950 241662 122878 909 4 2
1 951 241663 122879 910 4 2
1 952 245707 128831 911 3 2
1 953 245708 128892 912 5 1
1 954 245709 128893 913 6 1
1 955 245711 128895 914 5 1
1 956 245720 128956 915 3 2
1 957 245721 128957 916 5 1
1 958 245722 128958 917 6 1
1 959 245723 128959 918 6 1
1 960 245726 129022 919 5 1
1 961 245727 129023 920 5 1
1 962 245752 131004 921 4 1
1 963 245753 131005 922 5 1
1 964 245755 131007 923 5 1
1 965 245759 131071 924 4 1
1 966 255567 377983 973 2 6
1 967 255574 378106 974 3 4
1 968 255575 378107 975 5 2
1 969 255583 378111 976 3 4
1 970 255605 380153 979 4 2
1 971 255607 380155 980 5 1
1 972 255613 380157 981 4 2
1 973 255615 380159 982 5 1
1 974 255655 380275 983 3 1
1 975 255662 380278 984 4 2
1 976 255663 380279 985 7 1
1 977 255678 380406 987 5 1
1 978 255679 380407 988 5 1
1 979 255727 380287 986 3 2
1 980 255734 380410 989 4 2
1 981 255735 380411 990 7 1
1 982 255743 380415 991 4 2
1 983 255925 384497 1000 6 1
1 984 255927 384499 1001 5 1
1 985 255933 384501 1002 4 2
1 986 255935 384503 1003 6 1
1 987 255999 384511 1004 3 2
1 988 257758 378878 977 3 2
1 989 257759 378879 978 3 2
1 990 257771 380735 992 4 2
1 991 257772 380796 993 4 2
1 992 257773 380797 994 6 1
1 993 257774 380798 995 6 1
1 994 257775 380799 996 6 1
1 995 257787 380863 997 4 2
1 996 257790 380926 998 5 1
1 997 257791 380927 999 5 1
1 998 257905 384697 1005 3 2
1 999 257907 384699 1006 5 1
1 1000 257911 384763 1009 3 1
1 1001 257913 384701 1007 4 2
1 1002 257915 384703 1008 5 1
1 1003 257916 384764 1010 5 1
1 1004 257917 384765 1011 7 1
1 1005 257919 384767 1012 5 1
1 1006 258041 384957 1013 3 2
1 1007 258042 384958 1014 6 1
1 1008 258043 384959 1015 6 1
1 1009 258046 385022 1016 5 1
1 1010 258047 385023 1017 5 1
1 1011 262136 393148 1018 3 1
1 1012 262137 393149 1019 4 1
1 1013 262139 393151 1020 4 1
1 1014 262143 393215 1021 3 1
1 1015 507851 259903 925 2 6
1 1016 507852 259964 926 2 3
1 1017 507853 259965 927 3 3
1 1018 507855 259967 928 4 3
1 1019 507870 260094 929 2 3
1 1020 507871 260095 930 3 3
1 1021 507903 262143 931 2 3
1 1022 515577 425917 1022 3 4
1 1023 515579 425919 1023 3 4
1 1024 515583 425983 1024 2 4
1 1025 515806 452606 1025 2 5
1 1026 515807 452607 1026 2 5
1 1027 515819 454463 1027 2 6
1 1028 515820 454524 1028 1 7
1 1029 515821 454525 1029 4 1
1 1030 515823 454527 1030 4 2
1 1031 515838 454654 1031 4 1
1 1032 515839 454655 1032 4 1
1 1033 516089 458685 1033 4 2
1 1034 516091 458687 1034 4 2
1 1035 516095 458751 1035 3 2
1 1036 524239 522111 1036 3 2
1 1037 524254 522238 1037 3 1
1 1038 524255 522239 1038 4 1
1 1039 524287 524287 1039 3 1
1 1040 1048059 1015743 1040 2 6
1 1041 1048063 1015807 1041 2 4
1 1042 1048575 1048575 1042 2 2
1 1043 2097151 2097151 1043 1 7
