0 0 0 0 0 1 5
0 1 1 1 1 2 3
0 2 3 3 2 3 2
0 3 7 19 5 2 2
0 4 11 7 3 3 1
0 5 12 20 6 2 1
0 6 13 21 7 3 1
0 7 15 23 8 4 1
0 8 30 54 12 2 1
0 9 31 55 13 3 1
0 10 63 183 20 2 1
1 11 75 15 4 2 4
0 12 76 28 9 3 2
1 13 77 29 10 4 2
1 14 79 31 11 3 2
1 15 86 58 14 3 2
1 16 87 59 15 3 2
1 17 94 62 16 4 1
1 18 95 63 17 4 1
0 19 116 184 21 2 2
1 20 117 185 22 4 1
1 21 119 187 23 4 1
1 22 127 191 24 3 1
1 23 222 126 18 2 3
1 24 223 127 19 2 3
1 25 235 207 25 2 4
1 26 236 220 26 1 5
1 27 237 221 27 3 1
1 28 239 223 28 3 2
1 29 254 254 29 3 1
1 30 255 255 30 3 1
1 31 507 495 31 2 4
1 32 511 511 32 2 2
1 33 1023 1023 33 1 5
